106648.100
106648.99
106654.118
106654.125
106654.152
106654.153
106654.160
106654.196
106654.204
106654.21
106654.265
106654.312
106654.328
106654.366
106654.48
106654.543
106654.546
106654.616
106654.617
106654.621
108980.138
108980.272
108980.39
108980.91
1096995.4
1096996.4
1096997.4
1100841.3
1148157.74
1280.30927
1352.12160
1400867.3
1401639.4
1413216.3
1455315.5
1530123.102
1530123.202
1530123.47
1530123.48
1530123.50
1530123.51
1530123.52
1530123.57
1530123.59
1530123.62
1530123.65
1530123.68
1530123.73
1530123.79
1530123.84
1530123.96
1785128.4
1785128.80
1785128.81
1785128.83
1785128.9
2420300.3
2420301.3
2420305.3
2730845.3
2730846.3
2730847.3
2730848.3
2730849.3
2730850.3
2730851.3
2781976.3
287.10564
2871688.3
2919376.3
2923375.3
29430.72
29430.73
29430.75
29430.77
29430.79
400667.121
400667.154
400667.155
400667.7
400667.91
400667.92
400667.93
40215.125
40215.152
405416.50
405416.6
436717.3
470.11103
470.11367
470.11368
470.11369
470.11370
470.11474
470.11476
470.11477
470.11478
470.11479
470.11480
470.11481
470.11482
470.11483
470.11484
470.11485
470.11486
470.11487
470.11488
470.11489
470.11490
470.11491
470.11492
470.11493
470.11494
470.11499
470.11500
470.11567
470.11568
470.11610
470.11611
470.11614
470.11615
470.11617
470.11618
470.11619
470.11737
470.11741
470.11743
470.12059
470.12061
470.12189
470.12190
470.12191
470.12193
470.12194
470.12195
470.12196
470.12197
470.12198
470.12207
470.12233
470.12317
470.12430
470.12431
470.12432
470.12433
470.12434
470.12435
470.12436
470.12437
470.12445
470.12446
470.12447
470.12448
470.12449
470.12467
470.12472
470.12473
470.12474
470.12475
470.12476
470.1288
470.12893
470.12894
470.12895
470.12896
470.12900
470.12901
470.1294
470.1295
470.13017
470.13018
470.13020
470.13021
470.13022
470.13023
470.13024
470.13025
470.13026
470.13027
470.13028
470.13029
470.13030
470.13072
470.13079
470.1310
470.1311
470.13236
470.13237
470.13238
470.13239
470.13240
470.13241
470.13242
470.13243
470.13244
470.13245
470.13246
470.13377
470.13448
470.1345
470.13450
470.13567
470.13609
470.13610
470.13611
470.13612
470.1375
470.13785
470.13805
470.13806
470.13807
470.13808
470.13809
470.13810
470.13902
470.13903
470.13904
470.13907
470.13908
470.13909
470.13910
470.14002
470.14003
470.14004
470.14005
470.14006
470.14055
470.14058
470.14264
470.14268
470.14269
470.14270
470.14271
470.14272
470.14663
470.15026
470.15027
470.15028
470.15031
470.15463
470.15464
470.1574
470.1575
470.1576
470.1579
470.15825
470.15869
470.15874
470.15875
470.15882
470.15885
470.15886
470.15984
470.16116
470.16119
470.16135
470.16137
470.16138
470.16140
470.16141
470.16142
470.16143
470.16144
470.16145
470.16146
470.16147
470.16148
470.16149
470.16150
470.16151
470.16152
470.16153
470.16154
470.16155
470.16156
470.16157
470.16158
470.16159
470.16160
470.16161
470.16162
470.16163
470.16164
470.16165
470.16166
470.16167
470.16168
470.16169
470.16170
470.16171
470.16172
470.16173
470.16174
470.16175
470.16176
470.16177
470.16178
470.16179
470.16180
470.16181
470.16182
470.16183
470.16193
470.17303
470.17319
470.17368
470.17369
470.1737
470.1738
470.1763
470.1765
470.17904
470.17906
470.17907
470.17908
470.17909
470.17910
470.17911
470.17912
470.17913
470.17914
470.17915
470.17916
470.17917
470.17918
470.17919
470.17920
470.17921
470.17922
470.17923
470.17924
470.17925
470.17926
470.17927
470.17928
470.17929
470.17930
470.17931
470.17932
470.17933
470.17934
470.17935
470.17936
470.17937
470.17938
470.17939
470.17940
470.17941
470.17942
470.17943
470.17944
470.17945
470.17946
470.17975
470.17976
470.17977
470.17978
470.17979
470.17980
470.17981
470.17982
470.17983
470.18121
470.18122
470.1822
470.18262
470.18276
470.18277
470.18278
470.18279
470.18280
470.18281
470.18282
470.18283
470.18284
470.18285
470.18286
470.18287
470.18288
470.18289
470.18290
470.18291
470.18292
470.18293
470.18323
470.18326
470.18327
470.18364
470.18408
470.18518
470.18519
470.18563
470.18564
470.18567
470.18568
470.18569
470.18570
470.18571
470.18572
470.18573
470.18574
470.18575
470.18576
470.18577
470.18578
470.18579
470.18580
470.18581
470.18582
470.18583
470.18584
470.18585
470.18586
470.18587
470.1864
470.1865
470.1866
470.1867
470.18676
470.1869
470.18709
470.18710
470.18711
470.18712
470.18713
470.18714
470.18715
470.18719
470.18807
470.18809
470.18810
470.18811
470.18812
470.18813
470.18847
470.18915
470.18916
470.18917
470.18918
470.18919
470.18920
470.18921
470.19159
470.19162
470.19164
470.19165
470.19180
470.19181
470.19182
470.19183
470.19184
470.19185
470.19186
470.19187
470.19188
470.19189
470.19190
470.19191
470.19192
470.19193
470.19194
470.19195
470.19196
470.19197
470.19198
470.19199
470.19200
470.19231
470.19232
470.19478
470.19517
470.19518
470.19662
470.19696
470.19910
470.19911
470.19912
470.19913
470.19914
470.19915
470.19916
470.19917
470.19918
470.19919
470.19955
470.19956
470.20024
470.20025
470.20026
470.20082
470.20083
470.20242
470.20256
470.20257
470.20258
470.20259
470.2026
470.20262
470.20263
470.20264
470.20265
470.20488
470.20494
470.20764
470.20765
470.20803
470.20804
470.20805
470.20806
470.20807
470.20810
470.20811
470.20812
470.20813
470.20814
470.20815
470.20941
470.20942
470.20943
470.20944
470.20945
470.20946
470.20947
470.20948
470.20949
470.20950
470.20951
470.20952
470.20953
470.20954
470.20955
470.20956
470.20957
470.20958
470.20959
470.20960
470.20961
470.20962
470.20964
470.20967
470.20968
470.20969
470.20970
470.20971
470.20972
470.20973
470.20974
470.20975
470.20976
470.20977
470.21041
470.21042
470.21052
470.21053
470.2122
470.21489
470.21491
470.21492
470.21760
470.22133
470.22134
470.22151
470.22152
470.22153
470.22154
470.22155
470.22156
470.22157
470.22158
470.22159
470.22160
470.22168
470.22488
470.22868
470.23148
470.23149
470.23150
470.23151
470.23152
470.23153
470.23154
470.23155
470.23156
470.23157
470.23158
470.23159
470.23160
470.23161
470.23162
470.23163
470.23171
470.23175
470.23684
470.23685
470.23686
470.23687
470.23689
470.23755
470.23756
470.23757
470.23758
470.23937
470.23938
470.23939
470.23940
470.24009
470.24010
470.24026
470.24172
470.24173
470.2423
470.24399
470.24446
470.24459
470.24618
470.24619
470.24620
470.24666
470.24982
470.25099
470.25100
470.25101
470.25102
470.25103
470.25104
470.25105
470.25106
470.25107
470.25108
470.25109
470.25110
470.25111
470.25112
470.25113
470.25114
470.25115
470.25116
470.25117
470.25118
470.25119
470.25120
470.25121
470.25122
470.25123
470.25124
470.25125
470.25126
470.25127
470.25128
470.25129
470.25130
470.25131
470.25132
470.25133
470.25134
470.25136
470.25234
470.25235
470.25236
470.25287
470.25288
470.25299
470.25871
470.25872
470.25873
470.25874
470.25875
470.25876
470.25877
470.25878
470.25907
470.25908
470.2668
470.2669
470.2670
470.2671
470.2672
470.2673
470.2674
470.2675
470.27357
470.27358
470.27359
470.27360
470.27361
470.27362
470.27427
470.27592
470.27593
470.27594
470.27595
470.27596
470.27597
470.27598
470.27599
470.27600
470.27601
470.27602
470.27603
470.27604
470.27606
470.27607
470.27608
470.27609
470.27647
470.27720
470.27721
470.27722
470.27723
470.27724
470.27726
470.27728
470.27748
470.27749
470.27750
470.27751
470.27752
470.27753
470.27756
470.27757
470.27758
470.27759
470.27760
470.27761
470.27810
470.27811
470.27812
470.27813
470.27814
470.27815
470.27816
470.27817
470.27818
470.27819
470.27820
470.27851
470.27852
470.27857
470.27858
470.27874
470.27875
470.27876
470.27877
470.27878
470.27879
470.27880
470.27881
470.27882
470.27883
470.27884
470.27885
470.27886
470.27887
470.27888
470.27889
470.27890
470.27891
470.27892
470.27893
470.27894
470.27895
470.27896
470.27897
470.27898
470.27899
470.27900
470.27901
470.27902
470.27903
470.27904
470.27911
470.27912
470.27994
470.27995
470.27996
470.27997
470.27998
470.27999
470.28000
470.28001
470.28002
470.28003
470.28004
470.28005
470.28006
470.28007
470.28008
470.28009
470.28010
470.28011
470.28012
470.28013
470.28014
470.28015
470.28016
470.28017
470.28018
470.28019
470.28020
470.28021
470.28022
470.28023
470.28026
470.28027
470.28028
470.28029
470.28034
470.28058
470.28204
470.28275
470.28355
470.28356
470.28357
470.28358
470.28359
470.28360
470.28361
470.28362
470.28363
470.28364
470.28365
470.28366
470.28367
470.28368
470.28369
470.28370
470.28371
470.28469
470.28470
470.28471
470.28472
470.28473
470.28474
470.28475
470.28476
470.28477
470.28478
470.28587
470.28588
470.28589
470.28590
470.28591
470.28592
470.28696
470.2908
470.2911
470.2912
470.2913
470.2917
470.2928
470.2929
470.2930
470.2931
470.29323
470.29324
470.29325
470.29326
470.29452
470.29453
470.29454
470.29455
470.29456
470.29530
470.29531
470.29532
470.29533
470.3044
470.3106
470.3347
470.3348
470.3349
470.3350
470.3351
470.3352
470.3353
470.3354
470.3355
470.3356
470.3357
470.3358
470.3362
470.3774
470.4258
470.4273
470.4274
470.4287
470.4288
470.4289
470.4465
470.4476
470.4683
470.4701
470.4702
470.4703
470.4704
470.4709
470.4747
470.4748
470.4785
470.4786
470.4788
470.4881
470.4901
470.5036
470.5041
470.5049
470.5050
470.5051
470.5052
470.5053
470.5196
470.5279
470.5298
470.5409
470.5410
470.5414
470.5415
470.5416
470.5417
470.5418
470.5419
470.5421
470.5451
470.5834
470.5835
470.5836
470.6167
470.6168
470.6248
470.6368
470.771
470.773
470.774
470.775
470.8348
470.8349
470.8350
470.8351
470.8355
470.8365
470.8385
470.8386
470.8387
470.8388
470.8413
470.8414
470.8415
470.8416
470.8425
470.8426
470.8427
470.8428
470.8429
470.8430
470.8431
470.8432
470.8435
470.8436
470.9020
470.9122
470.9126
470.9146
470.9148
470.9230
470.9233
470.9235
470.9236
470.9237
470.9249
470.9250
470.9351
470.9358
470.9373
470.9411
470.9416
470.9425
470.9504
470.9626
470.9811
470.9821
471.120
471.131
471.28
471.29
471.61
471.78
471.90
471.91
480119.5
48296.1028
48296.1044
48296.1118
48296.1122
48296.1123
48296.1125
48296.1136
48296.1138
48296.1166
48296.173
48296.217
48296.275
48296.280
48296.281
48296.284
48296.325
48296.362
48296.366
48296.367
48296.370
48296.377
48296.386
48296.417
48296.457
48296.459
48296.460
48296.461
48296.462
48296.504
48296.505
48296.506
48296.507
48296.508
48296.510
48296.520
48296.521
48296.552
48296.610
48296.611
48296.612
48296.674
48296.694
48296.712
48296.734
48296.735
48296.736
48296.83
48296.84
48296.871
48296.872
48296.873
48296.874
48296.875
48296.876
48296.877
48296.878
48296.879
48296.880
48296.881
48296.882
48296.883
48296.901
48296.905
48296.906
48296.972
48296.973
487316.189
497978.4
509170.6
509173.8
557600.4
562.39112
562.39113
573.25927
573.31861
573.37793
575584.58
584.1247
584.1248
584.1273
62977.6
696749.3
70346.7
83333.1297
871585.3
903895.5
980514.3
