1006623.3
105751.37
105751.39
105751.4
105751.40
105751.41
105751.43
105751.44
105751.45
105751.46
105751.5
105751.51
105751.52
105751.53
105751.54
105751.55
105751.56
105751.57
105751.58
105751.6
1073377.4
1073382.3
1073383.3
1073384.3
1073385.3
1076135.3
1114880.3
1114880.35
1114880.36
1123284.3
1127514.8
113288.10
113288.3
113288.4
113288.5
113288.6
1141132.8
114517.11
114517.14
114517.4
114517.44
114517.45
1156800.11
1156800.13
1156800.14
1156800.15
1156800.16
1156800.17
1156800.5
1198013.8
1198014.8
1198024.4
1202454.3
1204516.8
1208104.16
1208104.3
1208104.9
1209359.3
1216961.4
1216961.7
1216980.4
1232673.3
1233098.3
1268074.3
1268075.3
1268076.3
1268077.3
1268078.3
1268079.3
1268080.3
1268236.3
1268237.3
1273135.3
1282886.3
1288394.3
1324960.19
1324960.22
1324960.3
1339227.3
1339228.3
1339228.6
1347420.13
1347420.3
1354302.3
1390.761
1416915.5
1418107.3
1418110.3
1419584.3
1448139.3
1453502.3
1454008.3
1458276.10
1458276.3
1505227.10
1519205.3
1535536.3
1535536.4
1535538.3
1535538.4
1535548.3
1543375.3
1588629.3
1588629.6
1636606.3
1636607.4
1636608.3
1636609.3
1729723.3
1729724.3
1729725.3
1729726.3
1747286.7
1747286.8
1747286.9
1747384.3
1748773.6
1754209.6
1758179.3
1758179.7
1758188.3
1833892.4
1873997.4
1884818.19
1895698.3
1907416.3
1907417.3
1920107.3
1920113.3
1921564.3
1932896.5
1932897.5
1932898.5
1932899.5
1932900.5
1932901.5
1932902.5
1932903.5
1932904.5
1932905.5
1932906.5
1932907.5
196023.35
196023.39
196023.43
196023.44
196023.45
196024.100
196024.101
196024.105
196024.106
196024.107
196024.108
196024.113
196024.114
196024.115
196024.116
196024.117
196024.118
196024.124
196024.125
196024.128
196024.129
196024.130
196024.131
196024.132
196024.133
196024.134
196024.135
196024.136
196024.137
196024.138
196024.139
196024.140
196024.141
196024.144
196024.145
196024.146
196024.147
196024.148
196024.151
196024.152
196024.16
196024.165
196024.166
196024.167
196024.168
196024.169
196024.170
196024.171
196024.174
196024.175
196024.18
196024.19
196024.215
196024.217
196024.218
196024.219
196024.220
196024.221
196024.222
196024.223
196024.224
196024.225
196024.226
196024.227
196024.228
196024.229
196024.23
196024.230
196024.238
196024.239
196024.240
196024.241
196024.242
196024.243
196024.244
196024.245
196024.246
196024.247
196024.248
196024.249
196024.25
196024.250
196024.251
196024.252
196024.253
196024.254
196024.255
196024.256
196024.257
196024.258
196024.259
196024.260
196024.261
196024.262
196024.263
196024.264
196024.265
196024.266
196024.267
196024.268
196024.269
196024.27
196024.270
196024.271
196024.28
196024.284
196024.287
196024.3
196024.30
196024.307
196024.308
196024.309
196024.31
196024.310
196024.311
196024.312
196024.313
196024.317
196024.318
196024.319
196024.32
196024.320
196024.321
196024.322
196024.323
196024.324
196024.325
196024.326
196024.327
196024.328
196024.329
196024.33
196024.330
196024.331
196024.332
196024.333
196024.334
196024.335
196024.336
196024.337
196024.338
196024.339
196024.34
196024.340
196024.341
196024.342
196024.343
196024.344
196024.345
196024.346
196024.347
196024.348
196024.349
196024.350
196024.351
196024.352
196024.353
196024.354
196024.355
196024.356
196024.357
196024.358
196024.359
196024.360
196024.361
196024.362
196024.363
196024.364
196024.365
196024.366
196024.367
196024.368
196024.369
196024.370
196024.371
196024.410
196024.5
196024.6
196024.7
196024.79
196024.80
196024.81
196024.82
196024.83
196024.84
196024.85
196024.86
196024.87
196024.88
196024.89
196024.90
196024.91
196024.92
196024.93
196024.94
196024.95
196024.96
196024.97
196024.98
196024.99
197700.10
197700.16
197700.3
197700.4
197700.5
197700.8
197700.9
197701.3
197701.4
197701.9
1978922.5
1983805.3
2024208.5
2026082.5
2026113.4
2026114.5
2026115.4
2033032.4
2033033.3
2053701.4
2056850.3
2056850.4
2056851.3
2056851.4
2056852.3
2056852.5
2056853.3
2056869.3
208958.3
208958.5
208958.7
2138298.3
2138299.3
2161680.4
2163962.3
2163963.3
2163964.3
2163976.7
2163978.3
2163979.3
2163987.3
2182324.3
218936.15
218936.16
218936.17
218936.22
218936.3
218936.7
2201378.3
2419736.3
2419737.3
2419738.3
2419739.3
2419740.3
2420320.3
2500821.3
2501745.3
2510450.3
2510451.3
2560028.3
2560029.3
2560029.4
2562199.3
2562462.3
2575324.4
2588097.3
2588098.3
2588099.3
2588515.3
2588516.3
2588517.3
2588518.3
2588519.3
2588520.3
2591024.3
2591025.3
2591026.3
2591027.6
2591028.3
2591029.3
2591030.3
2591031.3
2591032.3
2591033.3
2591406.3
2593322.3
2593327.3
2599404.3
2608321.3
263763.10
263763.11
263763.3
263763.4
263763.6
263763.7
263763.8
263763.9
2653127.3
2653128.3
2653128.4
2653650.3
2675707.3
2698915.5
2698916.5
2698917.5
2698918.5
2699193.3
2699193.4
2699193.5
2699193.6
2699194.3
2699194.4
2699194.5
2699194.6
2699195.3
2699195.4
2699195.5
2699195.6
2699197.3
2699197.4
2699197.5
2699197.6
2713216.4
2719181.3
2723762.3
2724309.3
2729335.3
2729335.4
2732840.3
2742446.3
2742446.8
2755143.3
2759193.3
2759196.3
2767547.3
2767548.3
2767549.3
2767550.3
2767551.3
2767552.3
2776735.3
2778051.3
2778052.3
2778053.3
2778054.3
2778055.3
2778056.3
2778057.3
2778058.3
2778059.3
2778060.3
2778063.3
2778064.3
2778065.3
2778066.3
2778067.3
2778068.3
2778586.3
2796500.3
2812849.3
2820393.3
2822864.3
2822865.3
2822866.3
2823359.3
2823360.3
2823361.3
2823362.3
2823363.3
2834248.3
2849625.3
2854782.3
2854782.4
2854787.3
2854793.3
2854794.3
2870529.3
2880362.3
2885153.6
2894367.3
2899138.3
2903992.4
2904307.4
2904308.4
2904309.4
2906560.5
2906561.6
2907222.3
2907963.6
2908630.6
2908744.6
2908745.6
2908746.6
2911441.5
2911664.5
2913974.5
2914179.5
2919549.5
2920537.4
2923419.4
2923419.6
2923419.7
2923420.4
2923420.6
2923421.4
2923421.6
2923421.7
2924714.3
2924715.3
2924882.6
2924887.3
2924888.3
2924889.3
2924890.3
2924891.3
2928859.3
2932048.3
2932048.5
294.234
294.561
2940592.3
2940593.3
2945923.3
29489.12
29489.22
29489.23
29489.25
29489.26
29489.27
29489.28
29489.29
29489.3
29489.30
29489.31
29489.32
29489.33
29489.34
29489.35
29489.36
29489.37
29489.38
29489.39
29489.4
29489.40
29489.41
29489.42
29489.43
29489.44
29489.45
29489.46
29489.47
29489.48
29489.49
29489.5
29489.50
29489.55
29489.6
29489.68
29489.69
29489.70
29489.71
29489.72
29489.73
29489.74
29489.83
29489.84
29489.85
29489.86
29489.87
29489.88
29489.89
29489.90
29489.91
29491.11
29491.12
29491.13
29491.14
29491.15
29491.19
29491.20
29491.21
29491.22
29491.23
29491.24
29491.25
29491.26
29491.27
29491.28
29491.29
29491.30
29491.31
29491.32
29491.33
29491.36
29491.37
29491.38
29491.39
29491.40
29491.41
29491.42
29491.43
29491.44
29491.45
29491.46
29491.47
29491.49
29491.50
29491.51
29491.52
29491.53
29491.59
29491.63
29491.64
29491.72
29491.73
29491.74
29491.77
29491.83
29491.85
2950548.3
2950548.4
2950548.5
2950548.6
2950548.7
2950549.3
2950549.4
2950549.5
2950549.6
2950549.7
2951227.3
2951233.3
2955315.3
2970966.3
2971819.3
2971819.4
2971819.5
2971819.6
2971819.7
2972767.3
2972767.4
2972767.5
2973715.3
2973716.3
2973717.3
2973718.3
2973719.3
2973720.3
2973721.3
2973722.3
2973723.3
2973724.3
2973725.3
2973726.3
2973727.3
2973728.3
2982914.3
2985286.3
2985287.3
2989822.3
2989823.3
2989824.3
2989825.3
2989826.3
2989827.3
2989828.3
2989829.3
2989830.3
2989831.3
2989832.3
2989833.3
2989834.3
2989835.3
2989836.3
2989837.3
2989838.3
2989839.3
2990474.3
2990475.3
2990476.3
2990477.3
2990478.4
2990479.3
2990480.3
2990481.3
2990482.3
2990483.3
2990484.3
2990485.3
2990486.3
2990487.3
2990488.3
2990489.3
2990490.3
2990491.3
2990492.3
2990493.3
2990494.3
2990495.3
2990496.3
2990497.3
2990498.3
2990499.3
2990500.3
2990501.3
2990502.3
2990503.3
2990504.3
2990505.3
2990506.3
2990507.3
2990508.3
2990509.3
2996101.3
2996154.3
3003697.3
3003735.3
3003742.3
3003743.3
3003744.3
3028151.3
3035942.3
3038230.3
3038232.3
3043864.3
3044241.3
3044241.4
3044241.5
306.377
3063959.3
3063960.3
3065691.3
3065692.3
3074390.3
3076793.3
3080830.3
3081770.3
3092557.3
3096622.3
3115851.3
3115851.4
3115854.3
3119844.3
3119845.3
3119846.3
3119865.3
3135720.3
3135721.3
3138455.3
3138456.3
3138457.3
3138458.3
3138459.3
3138460.3
3138461.3
3138462.3
3138463.3
3138464.3
3138465.3
3138466.3
3138467.3
3138468.3
3138469.3
3138470.3
3138471.3
3138472.3
3138473.3
3138474.3
3138475.3
3138476.3
3138477.3
3138478.3
3138479.3
3138480.3
3138481.3
3138482.3
3138483.3
3138484.3
3138485.3
3138486.3
3138487.3
3138488.3
3138489.3
3138490.3
3138491.3
3138491.4
3138495.3
3141444.3
3141445.3
3145029.3
321023.13
321023.19
3234190.3
3234191.3
3242876.3
3242877.3
3242878.3
3242879.3
3242880.3
3242881.3
3242882.3
3242883.3
3242884.3
3242885.3
3242886.3
3242887.3
3242888.3
3242889.3
3242890.3
3242891.3
3242892.3
324617.12
324617.3
324617.8
3342819.3
3366579.3
3367746.3
3397770.3
3398359.3
380703.7
382245.13
382245.42
382245.43
382245.44
382245.45
382245.46
40324.1840
440079.21
440079.22
440079.23
440079.24
440079.25
440079.26
440079.27
440079.28
440079.29
440079.3
440079.30
440079.5
440079.6
470.1566
492670.501
502790.13
502790.14
502790.3
502790.5
53408.3
53408.4
558884.3
558964.15
558964.16
558964.3
558964.4
562.63644
562.7949
562.7950
562.7951
591962.3
591962.5
600645.11
600645.15
600645.17
600645.3
600645.6
633415.23
633415.24
633415.29
633415.3
633415.30
633415.31
633415.32
633415.33
633415.34
633415.35
633415.6
633415.7
633417.11
633417.15
633417.18
633417.24
633417.25
633417.3
633417.4
633417.5
633417.6
633417.7
644.1003
644.1005
644.1016
644.1028
644.1029
644.1049
644.1059
644.1060
644.1061
644.1069
644.1070
644.1071
644.1072
644.1073
644.1074
644.1075
644.1076
644.1077
644.1078
644.1079
644.1080
644.1081
644.1082
644.1083
644.1084
644.1085
644.1086
644.1087
644.1088
644.1089
644.1090
644.1091
644.1092
644.1093
644.1094
644.1095
644.1096
644.1097
644.1098
644.1104
644.1105
644.1106
644.1108
644.1109
644.111
644.1110
644.1111
644.1112
644.1113
644.1114
644.1115
644.1116
644.1120
644.1121
644.1153
644.1154
644.1155
644.1156
644.1157
644.1158
644.1159
644.1160
644.1161
644.1162
644.1163
644.1164
644.1165
644.1166
644.1171
644.121
644.122
644.123
644.124
644.125
644.126
644.127
644.128
644.1283
644.129
644.130
644.131
644.132
644.1321
644.1322
644.1323
644.1324
644.1325
644.1326
644.1327
644.1328
644.1329
644.133
644.1330
644.1331
644.1332
644.134
644.1340
644.1345
644.1346
644.1347
644.1348
644.1349
644.135
644.1350
644.1351
644.1352
644.1353
644.1354
644.1355
644.1356
644.1357
644.1358
644.1359
644.136
644.1360
644.1361
644.1362
644.1363
644.1364
644.1365
644.1366
644.1367
644.1368
644.1369
644.137
644.1370
644.1371
644.1372
644.1373
644.1374
644.1375
644.1376
644.1377
644.1378
644.1379
644.138
644.1380
644.1381
644.1382
644.1383
644.1384
644.1385
644.1386
644.1387
644.1388
644.1389
644.139
644.1390
644.1391
644.140
644.1405
644.1406
644.1407
644.1408
644.141
644.142
644.143
644.184
644.185
644.186
644.187
644.188
644.189
644.190
644.197
644.198
644.199
644.200
644.203
644.204
644.226
644.227
644.228
644.229
644.245
644.246
644.247
644.248
644.249
644.25
644.250
644.251
644.252
644.26
644.268
644.27
644.271
644.272
644.275
644.276
644.28
644.31
644.32
644.33
644.34
644.35
644.36
644.37
644.38
644.39
644.40
644.403
644.41
644.42
644.43
644.44
644.45
644.46
644.47
644.50
644.502
644.503
644.504
644.505
644.51
644.52
644.53
644.563
644.564
644.565
644.566
644.567
644.568
644.569
644.571
644.610
644.622
644.623
644.624
644.625
644.626
644.627
644.628
644.631
644.633
644.634
644.635
644.636
644.637
644.638
644.639
644.642
644.643
644.644
644.645
644.647
644.648
644.649
644.65
644.68
644.69
644.70
644.701
644.702
644.703
644.704
644.705
644.706
644.707
644.708
644.709
644.71
644.710
644.711
644.712
644.713
644.716
644.717
644.718
644.72
644.728
644.729
644.73
644.730
644.731
644.732
644.733
644.734
644.735
644.737
644.738
644.739
644.740
644.741
644.742
644.743
644.744
644.745
644.746
644.747
644.748
644.749
644.75
644.750
644.751
644.752
644.753
644.754
644.759
644.76
644.760
644.761
644.762
644.763
644.764
644.765
644.766
644.767
644.768
644.769
644.770
644.771
644.772
644.81
644.82
644.823
644.824
644.825
644.830
644.831
644.832
644.833
644.834
644.835
644.836
644.837
644.838
644.839
644.84
644.85
644.86
644.860
644.861
644.862
644.863
644.864
644.865
644.866
644.867
644.868
644.869
644.870
644.871
644.872
644.873
644.874
644.875
644.876
644.880
644.881
644.882
644.883
644.885
644.886
644.89
644.90
644.901
644.902
644.903
644.904
644.91
644.932
644.933
644.934
644.935
644.940
644.941
644.942
644.943
644.944
644.945
644.946
644.952
644.960
644.963
644.964
644.965
644.966
644.967
644.968
644.969
644.970
644.985
644.986
644.987
644.988
644.994
644.995
644.996
644.997
645.111
645.112
645.113
645.114
645.115
645.117
645.118
645.119
645.12
645.120
645.121
645.122
645.13
645.14
645.173
645.179
645.180
645.181
645.182
645.192
645.211
645.354
645.372
645.373
645.374
645.375
645.376
645.396
645.397
645.40
645.41
645.43
645.44
645.45
645.46
645.492
645.493
645.50
645.502
645.503
645.504
645.505
645.506
645.507
645.508
645.509
645.510
645.511
645.512
645.513
645.514
645.517
645.518
645.519
645.520
645.521
645.522
645.523
645.524
645.525
645.526
645.529
645.530
645.532
645.533
645.534
645.535
645.543
645.544
645.545
645.546
645.547
645.548
645.549
645.552
645.558
645.559
645.571
645.572
645.573
645.574
645.575
645.576
645.577
645.578
645.579
645.58
645.580
645.581
645.582
645.583
645.584
645.585
645.586
645.587
645.588
645.589
645.59
645.590
645.591
645.592
645.596
645.597
645.598
645.60
645.61
645.62
645.622
645.623
645.624
645.625
645.626
645.627
645.628
645.629
645.63
645.630
645.64
645.641
645.642
645.643
645.644
645.645
645.646
645.647
645.648
645.649
645.65
645.650
645.651
645.652
645.653
645.654
645.655
645.656
645.657
645.658
645.659
645.66
645.660
645.661
645.662
645.663
645.664
645.665
645.666
645.667
645.668
645.669
645.67
645.675
645.676
645.68
645.69
645.70
645.71
645.72
645.8
646.14
646.15
646.16
646.17
646.23
646.24
646.25
646.26
646.27
646.28
646.37
646.4
646.45
646.46
646.51
646.55
646.56
647.100
647.101
647.102
647.103
647.104
647.105
647.106
647.107
647.108
647.109
647.111
647.112
647.113
647.114
647.115
647.116
647.117
647.118
647.120
647.121
647.122
647.123
647.124
647.26
647.86
647.91
647.92
647.93
647.94
647.95
647.96
647.97
647.98
647.99
648.1000
648.1001
648.1002
648.1003
648.1004
648.1015
648.1034
648.1035
648.1036
648.1037
648.1038
648.1039
648.1040
648.1041
648.1042
648.107
648.108
648.109
648.110
648.1100
648.111
648.112
648.113
648.114
648.1142
648.1143
648.1144
648.115
648.1152
648.1153
648.1154
648.1155
648.1156
648.1157
648.1158
648.1159
648.116
648.1160
648.1161
648.1162
648.1163
648.1164
648.1165
648.1166
648.1167
648.1168
648.1169
648.117
648.1170
648.1171
648.1172
648.1173
648.1174
648.1175
648.1176
648.1177
648.1178
648.1179
648.118
648.1180
648.1181
648.1182
648.1183
648.1184
648.1185
648.1186
648.1187
648.1188
648.1189
648.119
648.1190
648.1191
648.1192
648.1193
648.1194
648.1195
648.1196
648.1197
648.1198
648.1199
648.1200
648.1201
648.1202
648.1203
648.1205
648.1206
648.1207
648.1208
648.1209
648.1210
648.1213
648.1214
648.1215
648.1216
648.1217
648.1218
648.1219
648.122
648.1220
648.1221
648.1222
648.1223
648.1224
648.1225
648.1226
648.1227
648.1228
648.1229
648.123
648.1230
648.1231
648.1232
648.1233
648.1234
648.1235
648.1236
648.1237
648.1238
648.1239
648.124
648.1240
648.1241
648.1242
648.1243
648.1244
648.1245
648.1246
648.1247
648.1248
648.1249
648.125
648.1250
648.1251
648.1252
648.1253
648.1254
648.1255
648.1256
648.1257
648.1258
648.1259
648.126
648.1260
648.1261
648.1262
648.1263
648.1264
648.1265
648.1266
648.1267
648.1268
648.1269
648.127
648.1270
648.1271
648.1272
648.1273
648.1274
648.1275
648.1276
648.1277
648.1278
648.1279
648.128
648.1280
648.1281
648.1282
648.1283
648.1284
648.1285
648.1286
648.1287
648.1288
648.1289
648.129
648.1290
648.1291
648.1292
648.1293
648.1294
648.1295
648.1296
648.1297
648.1298
648.1299
648.1300
648.1301
648.1302
648.1303
648.1304
648.1305
648.1306
648.1307
648.1308
648.1309
648.1310
648.1312
648.1313
648.1314
648.1319
648.1320
648.1321
648.1322
648.1323
648.1324
648.1325
648.1326
648.1327
648.1328
648.1329
648.1330
648.1331
648.1332
648.1333
648.1334
648.1335
648.1336
648.1337
648.1338
648.1339
648.1340
648.1341
648.1342
648.1343
648.1344
648.1345
648.1346
648.1347
648.1348
648.1349
648.1350
648.1351
648.1352
648.1353
648.1354
648.1355
648.1356
648.1357
648.1361
648.1362
648.1386
648.1387
648.1388
648.1389
648.1390
648.1394
648.1395
648.1396
648.1418
648.1419
648.142
648.1420
648.1421
648.1422
648.1423
648.1424
648.1425
648.1428
648.1429
648.1438
648.1439
648.1440
648.1441
648.1442
648.1443
648.1444
648.1445
648.1446
648.1447
648.1448
648.1449
648.1450
648.1451
648.1452
648.1453
648.1454
648.1455
648.1456
648.1457
648.1458
648.1459
648.146
648.1460
648.1461
648.1462
648.1463
648.1464
648.1465
648.1466
648.1467
648.1468
648.1469
648.147
648.1470
648.1471
648.1472
648.1473
648.1474
648.1475
648.1476
648.1477
648.1478
648.1479
648.148
648.1480
648.1481
648.1482
648.1483
648.1484
648.1485
648.1486
648.1487
648.1488
648.1489
648.149
648.1490
648.1491
648.1492
648.1493
648.1494
648.1495
648.1496
648.1497
648.1498
648.150
648.1525
648.1526
648.157
648.158
648.159
648.160
648.161
648.164
648.21
648.22
648.23
648.236
648.237
648.238
648.239
648.241
648.242
648.243
648.244
648.245
648.246
648.250
648.278
648.281
648.282
648.283
648.284
648.285
648.286
648.287
648.288
648.289
648.290
648.291
648.292
648.293
648.294
648.295
648.296
648.297
648.298
648.299
648.300
648.301
648.302
648.303
648.304
648.314
648.316
648.317
648.318
648.319
648.339
648.340
648.341
648.342
648.343
648.344
648.345
648.346
648.347
648.348
648.349
648.350
648.351
648.352
648.353
648.354
648.355
648.356
648.357
648.358
648.359
648.360
648.361
648.362
648.363
648.364
648.365
648.366
648.367
648.368
648.369
648.370
648.371
648.372
648.373
648.374
648.375
648.376
648.377
648.378
648.379
648.380
648.381
648.382
648.383
648.384
648.385
648.386
648.387
648.388
648.389
648.390
648.391
648.392
648.393
648.394
648.396
648.397
648.398
648.399
648.400
648.401
648.402
648.403
648.404
648.405
648.406
648.407
648.408
648.409
648.410
648.411
648.412
648.413
648.414
648.415
648.416
648.417
648.418
648.419
648.420
648.421
648.422
648.423
648.424
648.425
648.426
648.427
648.428
648.429
648.430
648.431
648.432
648.433
648.434
648.435
648.436
648.437
648.438
648.439
648.440
648.441
648.442
648.443
648.444
648.445
648.446
648.449
648.450
648.451
648.452
648.453
648.454
648.455
648.456
648.457
648.458
648.459
648.460
648.461
648.462
648.463
648.464
648.465
648.466
648.467
648.468
648.469
648.470
648.471
648.472
648.473
648.474
648.475
648.476
648.477
648.478
648.479
648.480
648.481
648.482
648.483
648.484
648.485
648.486
648.487
648.488
648.489
648.490
648.491
648.492
648.493
648.494
648.495
648.496
648.497
648.498
648.499
648.500
648.501
648.502
648.503
648.504
648.505
648.506
648.507
648.508
648.509
648.510
648.511
648.512
648.513
648.514
648.515
648.516
648.517
648.518
648.519
648.520
648.521
648.522
648.523
648.524
648.525
648.526
648.527
648.528
648.529
648.530
648.531
648.532
648.533
648.534
648.535
648.536
648.537
648.538
648.539
648.540
648.541
648.542
648.543
648.544
648.545
648.546
648.547
648.548
648.549
648.550
648.551
648.552
648.555
648.556
648.557
648.558
648.559
648.560
648.561
648.562
648.563
648.564
648.565
648.566
648.567
648.568
648.569
648.570
648.571
648.572
648.573
648.574
648.575
648.576
648.577
648.578
648.579
648.580
648.581
648.582
648.583
648.584
648.585
648.586
648.587
648.588
648.589
648.590
648.591
648.592
648.593
648.594
648.595
648.596
648.597
648.598
648.599
648.600
648.601
648.602
648.603
648.604
648.605
648.606
648.607
648.608
648.609
648.610
648.74
648.75
648.76
648.77
648.78
648.79
648.80
648.835
648.836
648.837
648.838
648.839
648.84
648.840
648.841
648.842
648.843
648.844
648.845
648.846
648.847
648.848
648.849
648.850
648.851
648.852
648.853
648.854
648.855
648.856
648.857
648.858
648.859
648.860
648.861
648.862
648.863
648.864
648.865
648.866
648.88
648.881
648.885
648.89
648.919
648.920
648.921
648.922
648.923
648.926
648.927
648.928
648.929
648.930
648.931
648.932
648.934
648.935
648.936
648.937
648.938
648.941
648.942
648.943
648.944
648.945
648.946
648.947
648.948
648.949
648.950
648.958
648.959
648.967
648.968
648.969
648.97
648.973
648.979
648.98
648.980
648.981
648.982
648.983
648.984
648.985
648.986
648.987
648.988
648.989
648.990
648.991
648.992
648.993
648.994
648.995
648.996
648.997
648.998
648.999
648794.3
648794.5
648794.6
648794.7
648794.8
648794.9
649.20
649.3
650.101
650.102
650.103
650.104
650.105
650.106
650.107
650.108
650.109
650.110
650.115
650.116
650.117
650.118
650.119
650.12
650.120
650.121
650.122
650.123
650.124
650.125
650.126
650.127
650.128
650.129
650.15
650.3
650.32
650.33
650.36
650.37
650.38
650.39
650.4
650.40
650.41
650.42
650.43
650.44
650.45
650.46
650.47
650.48
650.49
650.5
650.50
650.51
650.52
650.53
650.54
650.55
650.56
650.57
650.58
650.62
650.63
650.64
650.65
650.7
650.89
650.90
650.92
650.93
650.94
650.95
650.96
650.97
650.98
650.99
651.105
651.106
651.107
651.110
651.111
651.112
651.113
651.114
651.115
651.116
651.117
651.118
651.119
651.12
651.120
651.121
651.13
651.14
651.150
651.151
651.152
651.153
651.154
651.160
651.161
651.162
651.163
651.164
651.165
651.166
651.167
651.168
651.169
651.170
651.171
651.172
651.173
651.174
651.175
651.176
651.21
651.22
651.23
651.27
651.3
651.34
651.35
651.36
651.37
651.38
651.4
651.58
651.59
651.62
651.63
651.64
651.65
651.66
651.7
651.71
651.72
651.73
651.74
651.75
651.76
651.84
651.86
651.87
651.88
651.89
651.93
651.94
651.98
652.25
652.35
652.36
652.37
652.38
652.39
652.4
652.40
652.41
652.42
652.43
652.44
652.5
652.59
652.6
654.1000
654.1001
654.1002
654.1003
654.1004
654.1005
654.1006
654.1007
654.1008
654.1009
654.1010
654.1011
654.1012
654.1013
654.1014
654.1015
654.1016
654.1017
654.1018
654.1019
654.1020
654.1021
654.1022
654.1023
654.1024
654.1025
654.1026
654.1027
654.1028
654.1029
654.1030
654.1031
654.1032
654.1033
654.1034
654.1035
654.1036
654.1037
654.1038
654.1039
654.1040
654.1041
654.1042
654.1043
654.1044
654.1045
654.1046
654.1047
654.1048
654.1049
654.1050
654.1051
654.1052
654.1053
654.1054
654.1055
654.1056
654.1057
654.1058
654.1059
654.1060
654.1061
654.1062
654.1063
654.1064
654.1065
654.1066
654.1067
654.1068
654.1069
654.1070
654.1071
654.1072
654.1073
654.110
654.111
654.112
654.113
654.114
654.12
654.1202
654.1203
654.1210
654.1211
654.1212
654.1213
654.1214
654.1259
654.1260
654.1261
654.127
654.128
654.129
654.130
654.1329
654.1330
654.1331
654.1332
654.1333
654.1334
654.1335
654.1336
654.1337
654.1338
654.1339
654.1340
654.1341
654.1342
654.1343
654.1344
654.1345
654.1346
654.1347
654.1348
654.1349
654.1350
654.1398
654.1401
654.1402
654.1403
654.1404
654.1405
654.1406
654.1407
654.1408
654.1409
654.1435
654.1436
654.1437
654.1438
654.1439
654.1440
654.1441
654.158
654.159
654.160
654.161
654.162
654.163
654.170
654.171
654.175
654.186
654.187
654.188
654.189
654.190
654.191
654.192
654.196
654.197
654.198
654.199
654.200
654.201
654.202
654.203
654.204
654.205
654.206
654.207
654.208
654.209
654.210
654.211
654.212
654.213
654.214
654.215
654.216
654.217
654.218
654.219
654.223
654.242
654.243
654.244
654.245
654.246
654.247
654.248
654.249
654.25
654.250
654.251
654.252
654.253
654.26
654.27
654.28
654.29
654.30
654.31
654.32
654.33
654.34
654.345
654.346
654.348
654.349
654.35
654.350
654.351
654.352
654.355
654.356
654.357
654.36
654.37
654.379
654.38
654.380
654.381
654.382
654.383
654.384
654.39
654.40
654.41
654.42
654.420
654.421
654.422
654.423
654.424
654.425
654.426
654.427
654.428
654.429
654.43
654.430
654.431
654.432
654.433
654.434
654.435
654.436
654.437
654.438
654.439
654.442
654.443
654.444
654.445
654.446
654.447
654.448
654.449
654.45
654.450
654.451
654.452
654.456
654.457
654.48
654.49
654.490
654.491
654.58
654.59
654.60
654.62
654.63
654.64
654.640
654.641
654.642
654.643
654.646
654.647
654.648
654.650
654.651
654.652
654.653
654.654
654.655
654.656
654.657
654.658
654.660
654.661
654.662
654.663
654.664
654.667
654.668
654.669
654.670
654.671
654.672
654.673
654.674
654.675
654.676
654.677
654.678
654.679
654.680
654.681
654.682
654.683
654.684
654.685
654.686
654.687
654.688
654.689
654.690
654.691
654.692
654.710
654.711
654.712
654.713
654.714
654.718
654.724
654.725
654.726
654.731
654.732
654.733
654.734
654.735
654.736
654.737
654.738
654.739
654.740
654.755
654.756
654.757
654.761
654.762
654.763
654.785
654.786
654.787
654.788
654.789
654.790
654.791
654.792
654.793
654.794
654.795
654.796
654.797
654.798
654.799
654.800
654.801
654.823
654.86
654.872
654.875
654.876
654.877
654.878
654.879
654.880
654.881
654.882
654.883
654.884
654.885
654.886
654.887
654.888
654.889
654.890
654.891
654.892
654.893
654.894
654.901
654.903
654.905
654.906
654.92
654.925
654.927
654.93
654.94
654.95
654.951
654.952
654.971
654.972
654.973
654.974
654.975
654.976
654.977
654.978
654.979
654.980
654.981
654.982
654.983
654.984
654.985
654.986
654.987
654.988
654.989
654.990
654.991
654.992
654.993
654.995
654.996
656.10
656.11
656.112
656.117
656.118
656.119
656.120
656.121
656.122
656.123
656.124
656.125
656.126
656.127
656.139
656.140
656.141
656.142
656.143
656.144
656.147
656.148
656.149
656.150
656.151
656.16
656.3
656.32
656.34
656.35
656.36
656.4
656.5
656.52
656.6
656.8
656.9
697046.3
697046.5
697046.6
697046.7
697046.8
70856.13
70856.26
70856.27
70856.28
70856.3
73010.10
73010.11
73010.16
73010.3
73010.5
754050.5
80745.4
878320.4
879628.9
879630.9
881260.78
926067.8
931529.6
948519.21
948519.22
948519.3
948519.33
948519.34
948519.35
948519.36
948519.37
948519.38
948519.40
948519.41
948519.42
948519.43
948519.44
948519.45
948519.46
948519.47
948519.48
948519.49
948519.50
948519.51
948519.52
948519.54
948519.55
948519.58
948519.59
948519.6
948519.60
948519.61
948519.62
948519.63
948519.64
948519.65
948519.66
948519.67
948519.68
948519.69
948519.7
948519.70
948519.71
948519.72
948519.73
948519.74
948519.75
948519.76
948519.77
948519.8
948519.9
998088.4
