1073377.4
1232673.3
1268074.3
1268075.3
1268076.3
1268077.3
1268078.3
1268079.3
1268080.3
1273135.3
1288394.3
1354302.3
1390.761
1416915.5
1418107.3
1418110.3
1419584.3
1448139.3
1453502.3
1454008.3
196023.39
196023.43
196023.44
196023.45
196024.18
196024.19
196024.23
196024.25
196024.7
208958.3
208958.7
380703.7
558964.4
562.63644
600645.6
644.1003
644.1005
644.1016
644.1028
644.1029
644.1049
644.1059
644.1060
644.1061
644.1069
644.1070
644.1071
644.1072
644.1073
644.1074
644.1075
644.1076
644.1077
644.1078
644.1079
644.1080
644.1081
644.1082
644.1083
644.1084
644.1085
644.1086
644.1087
644.1088
644.1089
644.1090
644.1091
644.1092
644.1093
644.1094
644.1095
644.1096
644.1097
644.1098
644.1104
644.1105
644.1106
644.1108
644.1109
644.111
644.1110
644.1112
644.1113
644.1114
644.1115
644.1116
644.1120
644.1121
644.1153
644.1154
644.1155
644.1156
644.1157
644.1158
644.1159
644.1160
644.1161
644.1162
644.1163
644.1164
644.1165
644.1166
644.1171
644.1283
644.1321
644.1322
644.1323
644.1324
644.1325
644.1326
644.1327
644.1328
644.1330
644.1331
644.1332
644.1340
644.1345
644.1346
644.1347
644.1348
644.1349
644.1350
644.1351
644.1352
644.1353
644.1354
644.1355
644.1356
644.1357
644.1358
644.1359
644.1360
644.1361
644.1362
644.1363
644.1364
644.1365
644.1366
644.1367
644.1368
644.1369
644.1370
644.1371
644.1372
644.1373
644.1374
644.1375
644.1376
644.1377
644.1378
644.1379
644.1380
644.1381
644.1382
644.1383
644.1384
644.1385
644.1386
644.1387
644.1388
644.1389
644.1390
644.1391
644.185
644.186
644.187
644.188
644.189
644.190
644.197
644.198
644.199
644.200
644.203
644.204
644.226
644.227
644.228
644.229
644.245
644.246
644.247
644.248
644.249
644.25
644.250
644.251
644.252
644.26
644.268
644.27
644.271
644.272
644.275
644.276
644.28
644.31
644.32
644.33
644.34
644.35
644.36
644.37
644.38
644.39
644.40
644.403
644.41
644.42
644.43
644.44
644.45
644.46
644.47
644.50
644.502
644.503
644.504
644.505
644.51
644.52
644.53
644.563
644.564
644.565
644.567
644.568
644.569
644.571
644.610
644.622
644.623
644.624
644.625
644.626
644.627
644.628
644.633
644.634
644.635
644.636
644.637
644.638
644.639
644.642
644.643
644.644
644.645
644.647
644.648
644.649
644.65
644.68
644.70
644.701
644.702
644.703
644.704
644.705
644.706
644.707
644.708
644.709
644.71
644.710
644.711
644.712
644.713
644.716
644.717
644.718
644.72
644.73
644.731
644.732
644.733
644.734
644.735
644.75
644.76
644.768
644.769
644.770
644.771
644.772
644.81
644.82
644.823
644.824
644.825
644.830
644.831
644.832
644.833
644.834
644.835
644.836
644.837
644.838
644.839
644.84
644.85
644.86
644.860
644.861
644.862
644.863
644.864
644.865
644.866
644.867
644.869
644.870
644.871
644.872
644.873
644.874
644.875
644.876
644.880
644.881
644.882
644.883
644.885
644.886
644.89
644.90
644.901
644.902
644.903
644.904
644.91
644.932
644.933
644.934
644.935
644.940
644.941
644.942
644.943
644.944
644.945
644.946
644.952
644.960
644.963
644.964
644.965
644.966
644.967
644.968
644.969
644.970
644.985
644.986
644.987
644.988
644.994
644.995
644.996
644.997
648.79
