1002689.4
1003195.11
1003201.3
1004901.3
1006155.5
1006576.10
1007676.4
1008459.4
100901.6
1014.5
1017.4
1019.4
102684.41
102862.26
1028800.3
1029756.8
1031542.11
1031564.3
1031733.3
1031742.3
1031753.3
1032.11
1032.12
1032066.3
1032070.4
1032238.5
1032239.4
1032240.3
1032241.5
1032480.4
1032623.9
1033846.27
1034807.5
1035377.4
1036743.4
103733.7
103817.8
103855.92
1038856.14
1038924.3
1038929.12
104087.9
104268.20
104336.12
1045317.5
1045854.4
1045855.3
1045858.4
104955.3
1049583.12
1050174.4
1051646.9
1051973.4
1052.19
105219.63
1054033.6
1054034.9
1054460.4
1054862.11
1055104.12
105559.4
1056807.10
105841.48
1063.31
106370.16
1064539.50
106634.4
106648.100
1069220.11
1069221.8
1069640.6
1070130.4
1071679.9
1072256.5
1072463.3
1072685.4
1073571.4
1073999.7
1074000.5
107401.17
1074311.13
1074467.10
1075106.4
1076.71
1076124.3
1076588.3
1076626.3
1077935.10
1077946.3
1078773.6
1079.13
1080223.3
108080.3
1081631.11
1081866.4
1082704.5
1082851.3
1082933.13
108486.13
1085623.3
1085644.3
1085647.4
1086726.6
1088721.7
1089553.3
108981.23
1090615.3
109232.6
1094184.9
1094466.30
1094489.3
1094491.5
109472.4
1095774.3
109663.7
109790.33
1104446.3
110505.10
1105094.3
1105107.3
1105110.3
1105113.3
1108595.6
110937.17
1109412.17
111015.3
1110502.3
1111760.3
1112.5
1112204.3
1114980.3
1115758.5
1116211.4
1117313.42
1117319.15
111769.7
111780.3
1118202.5
111831.5
1118379.12
1121088.10
1121114.32
1121115.15
1121121.9
1121310.9
1121335.3
1121353.3
1121362.3
1121448.10
1121451.3
1121464.3
1122150.23
1122247.5
1122611.5
1123043.7
1123269.5
1123271.4
1124835.11
1124983.33
1125411.11
1125966.3
1126833.4
1128330.11
1128398.3
1129264.8
1133546.3
113355.7
1134435.11
1134454.3
1134687.230
113562.5
1136497.4
1136880.4
1136941.3
1138189.12
1138190.4
1138194.8
1138383.25
1138822.17
1140.7
114090.5
1141883.4
1142394.8
1143323.6
1144275.3
1144748.3
114527.3
1145276.3
114686.5
1147128.3
1148509.5
114880.3
114881.3
114883.3
114885.3
1149133.19
1150461.5
1150468.4
1150469.3
1150621.9
1151742.7
1154756.11
115561.14
1156913.3
1158459.5
1159197.8
1159327.4
1159491.22
1159554.7
1159613.6
1160718.9
1160721.7
1160784.47
116188.4
1162633.3
1162668.3
1163398.15
1163745.3
116598.91
1166018.3
1166950.6
1167006.5
116718.4
1169025.9
1170318.3
117157.3
1172562.4
1172565.28
1173020.3
1173022.3
1173027.3
1173064.3
1173101.3
1173586.3
1175631.8
117567.8
1176198.4
1176533.3
1176536.3
1176587.6
1176646.3
1176649.16
1177211.3
1177213.4
1177216.3
1177574.116
1178482.5
1178515.4
1178516.4
1178537.6
1178778.3
1179773.3
1179777.11
118060.4
1182263.48
1182568.3
1182571.5
1182590.12
1183438.3
1184267.3
1185412.10
1185653.16
1188229.3
1188319.9
1189310.7
1191523.3
1192854.8
1192864.20
1193095.6
1193502.14
1193729.4
1196094.4
1196095.8
1197325.6
1197717.12
1197719.3
1199245.5
119981.7
1200352.3
1201031.21
120107.15
1202450.13
1202538.23
1202785.6
1202962.13
1206109.14
1208324.3
1208918.3
1208919.3
1208920.3
1208921.3
1208923.3
120959.22
1210884.14
1211322.4
1211326.4
1211579.3
1211807.18
1211813.139
1212491.3
1212765.5
1214101.3
1214242.5
1214604.4
1215089.14
1216932.3
1217420.18
1218493.9
1218494.5
1218801.3
1219035.9
1219067.16
1219083.7
1219084.8
1219375.3
1221500.32
1221524.3
1222016.3
122355.17
122358.4
1223802.3
1224162.3
1224163.3
1224164.3
1225128.4
1225174.8
1225769.5
1226753.6
1226968.12
1227739.3
1228987.3
1229164.4
1229205.11
1229621.4
1229726.3
1229756.3
1230341.14
1231049.4
1231624.3
1231626.11
123214.3
1232383.3
1232575.7
1234378.3
1234603.4
1234841.3
1235283.3
1235284.3
1235441.5
1235591.3
1235990.16
1236046.7
1236518.6
1236909.3
1238.335
1238184.8
123824.7
123841.8
1239307.3
1240471.5
1241978.5
1241979.4
1241981.7
1241982.8
1244531.3
1245.175
1245469.3
1245526.3
1246.45
1246955.3
1246995.3
1247.1113
1247726.3
1248439.3
1248727.3
1249.48
1249101.10
1249552.6
1249650.3
1249933.4
1250153.3
1250539.3
1252.10
1254.353
1255043.27
125593.3
1259973.4
1260251.3
1261131.3
1262470.4
1263550.90
1263829.3
126385.6
1265309.26
1265445.3
1265868.15
1266052.3
126673.9
1266925.11
1267021.3
1267217.4
1267423.13
1267766.3
1268072.3
1270.271
1273132.55
1274.3
1274359.3
1274631.4
1275.12
1276218.5
1276220.3
1276221.3
1276227.3
1276229.3
1276246.3
1276257.3
1276258.3
1276259.4
1277257.4
1278073.14
1278232.5
1280002.6
1282.3288
1282737.3
1282863.3
1283.224
1284.6
1285583.3
128574.5
1285901.3
1286171.3
1286180.8
1286181.11
1286528.3
1286640.3
1286698.4
1287640.3
128780.81
128785.18
1288.60
1288313.3
1288484.7
1288494.14
1288495.3
1288636.3
128944.3
1289591.13
1290.137
1291379.29
129140.15
1292.79
1293.64
129338.18
1293412.6
1293592.9
129394.45
1294.6
1294270.3
1294273.3
1295366.5
1295382.3
1295826.3
1296.67
1296669.4
1297742.4
129817.4
1298593.3
1298851.4
1300224.5
1300342.5
1300343.5
1300344.3
1300347.3
130049.11
1302.322
1302235.3
1302411.3
1302659.11
13035.3
1303518.3
1303590.5
1303921.7
1304902.7
1305.208
1306175.6
1306519.4
1306993.17
1307443.5
1307761.12
1307763.7
1307839.5
1308.1128
1309.182
1309411.5
1310.5
1310165.6
1311.625
131110.4
131112.3
1312183.9
1312364.6
1313296.3
1314.739
1314884.3
1315211.6
1318466.3
1318743.3
1319510.4
1323375.3
1323664.14
1324350.3
1324352.13
132473.7
1324796.3
1324864.3
1325090.8
1325095.3
1325107.4
1325115.7
1325564.3
1327635.6
1328.20
1329.512
1330330.3
1331258.9
1331682.4
1331910.7
1332188.3
1332264.3
1333845.6
1333996.3
133448.8
1335043.3
1335048.26
1335053.5
1335061.8
133549.8
1335757.3
1336748.4
1336806.4
1338.42
1338368.3
1339250.5
134.9
1340.8
134034.5
1341.5
1341692.11
1341694.4
134287.4
1343740.8
1345.3
1345117.3
134537.4
1345695.3
134601.15
1347342.6
1348.18
1348114.3
1348613.3
1348662.3
1348774.3
134962.3
1349754.5
1349767.4
1352.14893
1352936.5
1352941.4
1354.501
1354275.3
1354304.4
135487.3
1355015.12
1355330.4
1355477.55
135569.5
1356861.5
135727.3
135740.10
1357546.4
1358.1413
1363.315
1365188.13
1366.4
1367477.3
1367847.3
136857.5
13689.29
13690.34
1374.17
137545.6
137591.34
1376.123
1377.3
137779.11
1379.45
1379270.62
1379858.45
1379870.5
1379910.4
1380685.3
1381081.15
138118.4
1383885.3
1384459.3
1384484.3
138532.26
1385591.4
1387353.3
1387557.3
138851.4
1388752.3
1389020.3
1389489.3
1389713.6
1389922.10
1390.788
139021.4
1391653.7
1391654.13
1392877.3
1393.21
139438.5
1396.1129
1396826.16
1397.31
1397108.4
1398490.8
140.38
1400387.3
1401087.6
1401325.3
1402.136
1402135.41
1403316.4
1404245.3
1404367.7
1404768.8
1405.240
1406.193
1407.5
1408.91
1408159.3
1408160.3
1408189.4
1408281.4
1408434.14
1410383.4
1410384.5
1411117.3
1411621.5
1411902.8
1413221.3
141451.5
1414854.3
1415657.7
1415773.5
1416627.3
1418105.3
1420916.16
1421.168
1421.44
1421430.4
1423721.7
1423778.5
1423891.3
1423892.3
1424294.5
1424653.34
1426.44
142649.4
142650.3
142651.6
1427523.26
1427984.3
1428684.4
1430440.4
1431246.5
1431546.4
1432060.3
143223.3
1432792.4
1433513.3
143387.63
1434072.3
1434191.3
1434214.3
143495.4
1435045.4
1435069.3
1435356.3
1437360.8
1437453.6
1437605.7
1437824.5
1437874.4
1437875.4
1437877.5
144.10
1441095.3
1441467.6
1441629.3
1441930.4
1442032.3
1444770.17
1445510.6
1447062.3
1448857.8
1449976.3
1450.13
1450527.3
1453495.3
1454006.9
1454201.3
145458.53
1455.14
1457365.3
1458307.14
1458425.3
1458426.3
1458461.3
1460372.6
1462615.9
1462996.4
1463165.411
1467.3
146827.6
146919.11
146922.15
146923.5
1470176.3
1470200.7
1470434.5
1471400.3
1471761.3
1472755.3
1472767.6
1473.18
1473112.3
1473598.7
147375.7
1474.9
1476.3
1476025.3
147645.106
1476577.3
1476873.3
147802.91
1479.5
1481923.3
1482.5
1482074.3
1484693.3
1486034.3
1486262.3
148814.100
1490.72
149016.3
1492.97
1492737.5
1492898.5
1493872.5
1494.5
1496.6008
1496080.3
1497.4
1498.4
1499308.4
1500254.3
150055.10
1501.9
150120.4
1501662.11
1502.2386
1503041.3
1503054.66
1503055.35
150340.19
1504.35
1505036.4
1505596.9
1505597.7
1508404.3
1509.218
1510150.5
1510570.11
1514105.3
1515612.3
151781.18
1519.11
1520.584
1520670.3
152142.10
1522.132
152297.5
152331.61
152480.103
1524929.3
1525.8
1526412.3
1526658.4
1528099.142
1529.18
1529068.3
1529886.3
1530123.84
1531429.3
153151.40
1532023.4
1532552.17
1534348.5
1534349.5
153493.11
153496.13
1535204.6
1535768.3
1536648.8
1537215.6
1537400.3
1538.8
1538158.11
1538159.10
1538553.22
154048.3
1541170.3
1541805.5
1542.10
1542390.3
154288.73
1544730.3
1545044.9
1547.130
1547283.3
1547448.3
1548.22
1548547.3
1548548.3
1548602.4
154981.53
1549850.11
1549855.20
1549858.3
1550579.3
1550728.3
1550733.4
155077.6
155085.6
155177.3
1552.13
1552759.3
155322.272
1553431.3
1555112.8
155866.6
1560345.3
1561003.5
1561005.4
1561924.3
1562974.3
1563222.16
1563703.3
1564138.11
1565605.5
156889.10
156976.3
156977.4
156978.6
1571.5
1572645.8
157268.12
1576550.4
157692.5
157779.3
1578165.6
1579316.14
1579979.7
1580.66
1580596.66
1581.76
1581557.5
1581680.5
158189.10
158190.11
1582.193
1582259.3
1583.175
158500.6
1586287.3
1588.29
158822.21
158823.5
158836.1174
158841.3
158847.8
158849.12
158899.10
1589.90
159.171
1590.1048
1591088.3
1592106.3
1592790.10
1597.1164
1598147.5
1599.152
1600.32
1601.110
1603606.3
1603886.10
160453.4
1605891.3
160660.10
160660.9
1607.3
160791.19
160799.4
160808.20
160826.3
1608957.4
1609977.7
1610493.4
1612150.3
1612173.13
1612552.4
1613.993
161398.10
1615494.3
1616117.8
1616788.9
1617283.4
1618.8
1618207.4
161895.4
161896.4
161899.3
1619308.3
1619313.17
162.10
1620215.5
1622.29
162209.4
1622118.21
1624.699
162426.7
162496.4
1625.54
1628086.3
163011.6
1630135.4
1630141.3
163164.54
1631871.4
1632.33
1633.73
163359.17
1633785.3
1635327.3
163604.3
1637837.7
1637975.11
163877.4
1639133.19
1641.14
1642.90
1642299.7
1642646.3
1642647.4
1643.7
1643322.3
164348.7
164393.5
164514.4
164516.3
164546.54
164546.7
1646340.7
1646377.6
164759.5
1648.245
1648182.5
1648404.14
1648923.37
1652495.9
1653476.10
1653831.6
1654388.7
1655.264
1656.7
1660067.6
1661.13
1662456.3
1664069.10
1670800.3
1670830.3
1670831.3
1671680.6
1671868.3
1673076.3
1674146.69
167468.3
1675036.3
167539.5
1675686.5
1677857.3
167879.5
1679444.4
1679497.6
167957.26
1679721.3
1680.104
1682490.3
1685.10
1685010.5
1687.3
1689834.19
1694.9
169402.4
169427.5
169430.6
169435.91
169480.3
169669.6
1697.7
1697053.12
169760.4
169765.13
1701090.6
1701758.3
1702221.14
1703.50
1704499.3
1705.8
1705394.21
1705399.3
170573.5
170673.23
1710.44
1712410.4
1712516.3
171279.24
171281.3
171282.4
171285.3
171404.4
171438.4
1715259.3
1715720.3
1715989.4
1717.588
1717717.3
1718.127
171865.4
1719.1356
1720083.4
172042.152
172043.5
1724.11
1725.13
1725232.3
172713.11
1727145.3
1727163.4
173361.4
1734031.10
1734049.4
1735038.8
1736.46
1736674.21
1736691.4
1737446.3
1737490.4
173860.4
1738770.4
1740262.3
1742359.7
1743162.3
1743168.3
1743174.3
1744.107
1745854.3
174633.42
1748.20
1748242.3
1748967.19
1749.12
1750.7
1750535.3
1750598.3
1752398.6
1755100.6
1755811.6
1756149.24
1758178.5
1758689.5
1759059.4
1761012.6
1761016.3
176102.5
1761453.3
176292.4
1763363.3
1763534.5
1763535.5
1763536.4
1763538.4
1763828.5
1765219.7
1766.6
1768108.4
1769.100
1769779.3
1771309.6
1772.43
1774216.3
1774273.5
177437.4
177439.6
1775.8
1775880.3
1777867.5
1778.48
1778262.6
1778263.6
1778264.4
1778540.117
1778675.6
1778678.3
1780.25
1781.90
1783515.3
178399.4
1784.27
1784713.4
1784714.3
1784719.3
1785128.9
1785145.9
1788.4
1789224.3
1790137.5
1791.6
1792.7
1793.10
1794.9
179408.3
1794699.3
1795.26
1795032.9
1795355.3
1796.13
1796606.3
1796613.40
1796616.12
1796635.16
1796646.147
1796652.22
1796921.3
1797.4
1799.7
1801.9
1802.11
1802984.8
1803846.4
1804624.3
1804986.3
1804990.3
1805431.3
1805478.3
1806508.3
1807691.3
1808979.3
1809.26
1809410.3
180957.62
1810504.3
1811193.3
1811807.4
1812111.3
1812112.8
1812115.7
1812935.7
1813019.79
1813451.4
1813871.3
1813879.3
1814128.3
1814290.3
1815583.14
1816615.6
1817405.5
1819725.3
182082.4
1821621.3
182262.5
1823.6
1824.7
1824638.3
1825069.3
1826607.5
1827580.3
182773.3
1829.102
1830.56
183190.5
1833852.3
183417.5
1835721.6
1836467.11
183754.4
183795.36
1838286.3
1839801.3
1842532.3
1842727.3
1844006.3
1845000.3
1847728.3
1848766.7
1848904.3
1849015.3
1849581.4
185008.3
1850093.3
1850238.3
1850246.3
1850252.3
1850254.3
1851148.3
1851514.13
1851544.43
1852022.3
1852373.3
1852374.3
1852377.3
1853130.6
1853276.4
1853278.3
1854498.5
1854574.8
1855823.18
185642.10
1858656.16
1862145.6
1862358.3
1863.3
186490.26
1867719.3
1867846.3
1868589.3
1868793.4
1868794.8
1870820.3
1870984.4
1870985.4
1871021.3
1871022.3
1871025.3
1871034.3
1871037.269
1871037.349
1871111.9
187272.10
187327.283
1873425.4
1874317.4
187452.27
187491.3
1877.5
1878942.7
1879050.10
1880678.5
1881.4
1882682.3
1883414.3
1884634.55
1884904.29
1884905.34
1884907.32
1884913.42
1884914.22
1884915.15
1884916.54
1885919.3
188770.6
1888.64
1888195.3
1888915.11
1889240.11
1890302.151
1891094.4
1891279.4
1891644.4
1891675.3
1891787.3
1891926.3
1892.31
1893.7
1894.18
189425.5
189426.6
1898042.6
1898203.3177
1898207.3972
189834.15
1901.24
190148.11
1902245.3
1902580.17
1903056.6
1903694.3
1903704.3
1904463.13
1905730.20
1906744.6
190721.7
1907662.33
1908198.16
1908341.3
190893.112
190895.15
1909293.33
1909699.3
1912795.3
1912871.9
1912897.3
191292.46
1913577.3
1913578.3
1914461.3
1914471.3
1914872.3
1915.7
1915078.16
191610.3
1917166.3
1917421.12
1917441.3
1917485.4
1918945.9
1919.18
192.45
1920127.3
1921086.3
1921087.3
1921510.10
1922217.7
192421.11
192421.46
1925021.13
1925548.3
1926868.3
1927128.24
192812.18
1929477.3
1930071.3
1930273.3
1930274.3
1930276.3
1930277.3
1930593.3
1931241.3
1931275.8
1933044.4
1935.7
1935204.9
1935379.3
1935446.56
1936003.3
1936021.6
1940610.3
1940612.3
1940789.31
1940790.5
1941349.5
194196.9
194439.7
1944646.3
1945662.3
194963.26
195.2559
195105.33
195709.83
195913.11
1960.10
196024.108
196164.6
1964448.19
1965282.3
1967.6
1967665.3
1967782.3
1967783.3
1969.6
1969806.3
1969821.3
1971488.4
1972068.3
1972133.8
1972134.4
1972192.3
197221.4
1973481.3
197482.10
197575.8
197614.14
1977088.4
1979527.25
198119.5
1981510.4
1981981.3
1982042.3
1982626.4
1983719.3
198483.5
1986146.3
198618.9
198620.16
1986204.3
198628.6
1987356.4
1987500.3
1987584.7
1987921.3
199.248
1990687.3
1993866.3
199591.8
199592.7
200.17
2003188.3
200450.8
200451.10
200454.14
2004710.4
2005262.32
2005703.3
2006.4
2006110.3
200618.6
2007306.3
200991.36
2010829.3
2010972.4
2012495.8
2014.5
2016068.3
2016519.3
2016596.3
2017483.3
2017484.4
2017485.3
2018052.3
2018689.3
202.15
2020716.4
2020965.6
2021.10
2021234.3
2021971.3
2024526.4
2025808.3
2026.10
2026186.116
2026187.44
2026188.14
2026191.6
2026193.15
2026199.3
2026240.29
2026624.3
2026746.6
2026780.183
2026799.3
2026885.4
2027290.27
202751.3
2028345.3
202947.5
202951.7
202956.26
2029849.5
2029983.3
203.100
203122.15
203192.10
203275.8
2036206.3
2038116.16
2038343.4
204.182
204039.55
204042.48
2041.4
2041044.6
2042961.4
2043170.7
2044912.3
2045.3
2045200.3
2045208.3
204536.4
204669.11
204722.5
2047767.8
2047966.4
2048283.3
204891.4
2049305.4
2049881.3
2051553.8
2051957.3
2052660.3
2053509.37
2053591.15
2053930.15
2054173.7
2054227.3
2055160.3
2055889.3
2055955.5
2056231.5
2057025.3
2057246.3
2057743.3
2057800.3
2058175.3
206403.3
2064643.3
2065379.10
2066024.3
2067065.3
2067960.7
2068654.3
2069432.3
2071607.3
2072590.3
207340.11
207559.7
2079234.3
207949.12
2079535.3
2079792.3
2079793.3
2080740.3
2080742.3
2080757.3
2081042.3
2081791.3
208223.19
208439.3
208479.8
2086471.3
2086577.3
2086584.3
208962.289
209053.3
209247.3
2093372.6
2093372.7
2093856.3
2094.20
2094025.3
2094119.3
2099786.7
210.7960
2100821.7
2104.332
2107.4
2108365.3
2108399.7
2109.113
2109914.3
2109915.3
2111.3
211114.4
2112.6
2113.4
211586.12
2115968.6
2115978.8
2116.9
2116657.3
2120.3
2121.6
212123.5
212123.6
2123.7
2124.10
2126346.6
2126553.4
212717.8
2133.18
2133944.38
2133959.4
2134.4
2136182.11
2138.23
213810.4
2139.4
2143.4
2144175.4
214473.10
214688.28
214851.71
214888.3
2149.3
215221.16
2153354.10
215578.3
215580.7
215691.3
216142.3
2161677.4
2161747.4
2161816.3
2161821.3
2162713.3
2163011.3
2163644.3
216427.3
216432.7
216778.7
216929.8
216931.4
216932.3
216934.3
216937.3
216938.3
2169400.3
216942.3
216946.3
217.6
2171755.3
217203.17
217204.10
2172098.3
2172099.4
2172103.7
2172536.3
2173034.3
2173853.4
2174846.3
2175091.3
218111.3
218144.4
2182384.4
2183547.3
2183582.3
2183896.3
2184053.3
2184083.3
218496.4
218936.7
219334.4
219572.4
219745.3
2201181.3
2201271.3
2201350.3
2202141.3
2202149.3
2202254.3
2202721.3
2202825.3
2202827.3
2202828.3
2203724.14
2204145.13
221027.38
221109.4
2211140.3
2211210.3
2211211.3
2213015.5
2213194.3
2213226.3
221822.24
221988.4
2220095.3
2220096.3
222136.3
222891.8
223283.9
2233542.5
2233851.3
223390.3
2233999.3
223919.11
223926.6
224013.5
224324.8
224914.11
2249302.4
2249356.3
225084.5
225422.11
225848.8
225849.4
2259134.3
2259340.3
2259595.3
2259620.6
225991.22
225992.5
225999.3
2267253.3
2267275.17
2267833.3
2267891.6
2268024.3
227.4
227318.3
227866.22
227882.62
227941.6
227945.7
2282419.6
2282738.3
2283160.3
2283195.3
2283318.3
228405.9
228410.6
2290923.3
2291.6
2291597.3
2292255.7
2293317.3
2293571.4
2294034.4
230089.6
2303538.3
2304606.7
2305508.6
231049.29
2315862.3
2316383.3
2319843.3
2319844.3
2320140.3
2320858.3
2320867.3
2320868.3
2321394.3
2321403.3
2325.3
232537.3
233316.29
2338327.3
2339259.3
2341112.3
2341117.3
2342.5
235279.5
2355.3
235559.3
2358479.3
235909.7
2360.13
2364787.3
236753.3
237258.26
237609.16
2377.3
238.47
2382163.3
2382165.3
238836.3
239935.2189
24.90
240015.3
240427.19
240521.3
2419771.3
2419772.3
2419773.3
2419774.3
242606.6
243090.15
243161.6
243231.5
243233.7
243265.5
243273.25
243274.49
243275.19
2434.3
243899.6
244366.435
244592.15
244734.9
245018.3
246.12
246194.6
246195.4
246197.66
246200.7
246273.3
246432.119
246787.511
247156.8
247480.5
247481.65
247523.3
2478464.3
2479546.3
248026.4
2480923.3
2483033.3
248315.3
2483360.3
2483799.3
2485784.3
2486578.3
2486855.5
2487071.3
2487118.3
2487276.10
2487344.3
2487742.3
2487929.3
2488810.4
2488819.3
2489010.4
2489213.5
249058.10
2490633.3
2490858.3
249188.3
2492438.3
2493633.5
2494373.3
2494374.4
2494525.5
2494549.3
2494550.3
2494701.30
2494702.15
2495582.3
2495589.3
249567.10
2496028.4
2496265.3
2496266.3
2496836.3
2496837.3
2496866.3
2496867.3
2497456.3
2497861.3
2498113.3
2498135.3
2498451.3
2499157.3
250.34
2500533.8
2500547.3
2500548.10
2502779.3
2502781.3
2502791.3
2502979.4
2505970.4
2505979.3
2506420.3
2507160.3
2507538.3
2507935.4
2508289.5
2509341.3
2509455.3
2509456.3
2509457.3
2509458.3
2509459.3
2509614.3
2509675.3
2509719.3
2511995.3
251221.4
251229.3
251538.3
251540.5
2518177.3
2518370.3
2518371.3
2518644.3
2518645.3
2518973.4
2518989.3
2520507.3
252130.15
252514.7
2527691.3
2527775.7
2527964.3
2527968.4
2527971.3
2527972.3
2527973.3
2527974.6
2527976.3
2527979.3
2527982.3
2527983.3
2527984.3
2527988.3
2527989.3
2527990.3
2527994.3
2527995.3
2527996.3
2528007.3
2528009.3
2528010.3
2528017.3
2528019.3
2528020.3
2528021.3
2528022.3
2528023.3
2528024.5
2528026.3
2528027.3
2528028.3
2528037.3
2528593.8
2528964.3
252967.3
2530390.3
2530393.3
253703.4
2541726.3
254247.3
2546350.3
2546450.3
2547394.3
2547399.3
2547600.3
254785.39
2547970.3
255519.10
2558174.3
2558361.4
2558918.3
2558931.4
2560010.3
2560053.14
2561898.4
2562285.5
2562449.3
2562451.3
2562892.6
256326.4
2563896.3
2564099.3
2565368.4
2565926.3
2566013.3
2567896.13
2567941.4
256839.7
2569540.5
2569541.5
2569850.11
2571747.3
2571748.3
2571750.3
2572088.3
2572577.3
2572594.3
2572923.4
2576756.5
257708.4
2579935.4
2579971.11
258.11
2580412.3
2582419.3
2582913.3
2582914.12
2583231.6
2583377.4
2583452.3
2583587.3
2583823.3
2584122.3
2584944.3
258505.5
2585117.3
2585118.3
2585119.3
2585135.3
2585717.4
2585771.3
2587161.3
2587862.3
2588449.3
2588534.3
2588535.4
2588536.3
2588711.4
2589074.3
2589075.4
2589080.3
2589797.3
259.5
2590012.3
2590020.3
2590021.3
2590022.3
2590869.3
2590884.3
2590900.3
2591109.3
2591633.3
2591634.3
2591635.4
2592382.6
2592652.3
2592653.3
2592654.3
2593652.3
2593653.3
2593655.3
2593656.4
2593973.3
2594003.3
2594004.3
2594265.3
2594473.3
2594795.3
2594883.4
259536.19
2596828.3
2596890.4
2597659.3
2597660.3
2597702.3
2598458.3
2598579.5
2598861.3
2599292.3
2599293.3
2599296.9
2599297.3
2599308.3
2599401.3
2599595.3
2599927.4
2600177.3
2601575.3
2601646.3
2601668.3
2601677.3
2601894.3
2602015.3
2602016.3
2602769.3
2603206.3
2603215.3
260364.3
2604047.3
2604832.3
260552.3
260554.51
2605747.3
2605945.3
2605946.3
2607663.3
2608402.3
2608981.3
2608982.3
260915.4
260917.4
2609667.9
261164.3
2613334.3
2613965.3
2614638.3
2614639.3
2614693.3
2615203.3
2615214.3
261594.21
261654.4
262209.27
262324.5
262543.8
263358.5
264201.29
264202.11
264203.5
264636.3
2650157.13
2650158.4
265072.11
2651334.3
2652177.3
2652307.3
2652803.4
265293.12
2653045.3
265311.5
2653200.3
2653851.3
2653852.3
2654843.4
265668.17
2656914.3
2657486.3
265883.3
265959.9
265960.6
266062.4
266117.10
2661630.3
2661838.3
2662028.3
2662261.3
2662262.5
2662362.3
2662397.3
266265.5
2663022.3
2664374.4
2665156.5
2665642.3
2665643.4
2666025.3
2666100.4
2666138.3
2666183.42
2666332.3
266748.11
266749.8
266940.11
266951.8
267212.13
267363.8
2675053.3
2675054.3
2675059.3
2675101.3
2675216.3
2675218.3
2675219.3
2675754.3
2675772.3
2675773.3
2675774.3
2675775.3
2675776.3
2675777.3
2675778.3
2675779.3
2675780.3
2675781.3
2675782.3
2675783.3
2675784.3
2675785.3
2675786.3
2675787.3
2675788.3
2675789.3
2675790.3
2675791.3
2675792.3
2675793.3
2675794.3
2675795.3
2675796.3
2675797.3
2676868.5
267748.5
267818.24
2678688.3
2679994.3
2681310.3
2681469.3
2681470.3
2681549.3
2681766.3
2681986.3
2681987.3
2682456.3
2682810.3
2683272.3
2684212.7
2684405.3
2684406.3
2686014.3
2686077.3
2686078.3
2686094.3
2686304.3
269084.26
2692134.3
2692755.3
2692756.3
269484.6
2694929.3
2694930.3
2696063.3
269673.16
2697009.3
2697030.3
2697032.3
2697043.3
2697563.3
2697565.3
2697569.3
269798.16
269799.8
2698458.3
2698672.3
2698673.3
2698679.3
2698828.4
2699430.3
2702.157
2703787.3
2703885.11
2704462.3
2704463.3
2704465.3
2706014.3
2706887.3
2707299.3
2708020.3
2708079.4
2708110.5
2708301.3
2708539.3
270918.22
2709392.4
2709394.5
271065.3
2710756.3
2710758.3
2710922.3
2711156.3
2711215.4
2711221.3
2712223.3
2714036.3
271420.6
2714353.3
2714355.3
2714358.3
2714855.3
2714933.3
2714934.3
2714935.3
2714937.4
2714938.3
2714943.3
2714944.3
2714946.3
2714947.3
2714949.3
2715163.3
2715164.3
2715209.8
2715678.3
2715679.3
2716225.3
2716227.3
2717324.3
2718.61
271865.3
2720720.3
272123.3
2722756.3
2724191.3
2725416.3
2725477.13
2725558.3
272558.8
272564.6
272568.11
2726117.3
2726122.4
2726185.4
272633.4
2728020.3
2728021.3
2728023.3
272843.6
2728835.3
2728853.3
2729175.3
272942.6
2729421.3
272944.4
273035.7
273068.5
273121.8
273123.14
2731377.3
2731681.5
2731755.3
2732067.3
2732249.3
2732487.3
2733484.3
2733488.3
273384.38
2735528.3
2735562.9
2735563.3
2735723.8
2735870.3
2736640.3
2736649.3
273677.39
2737172.3
2737173.3
2738.22
2738409.3
2738844.3
2738852.3
2738883.3
2739063.3
2739433.3
2739434.3
2740185.5
2740404.3
2740405.3
2740462.3
2740515.3
2741499.12
2742145.3
2742683.4
2742717.3
2743.3
2743000.3
2743001.3
2743470.3
2743772.3
2744472.3
2744479.3
2745197.3
274537.5
2746321.3
2747268.3
2748.21
2748320.3
2748871.4
2749844.3
2749961.3
2749962.3
2749991.4
2749996.3
2750620.3
2750647.3
2750812.3
2751153.3
2751154.3
2751313.3
2754044.3
2754694.3
2754725.3
2755382.3
2756.33
2756107.3
2758038.4
2758041.3
2758440.3
2758573.3
2758710.3
2759526.3
2759528.3
2760083.3
2760089.3
2761578.4
2761580.3
2761619.4
2761623.3
2762277.3
2762729.3
2763006.3
2763010.4
2763107.3
2763317.4
2763498.3
2763540.3
2763667.3
2763669.3
2763670.3
2763672.3
2764186.3
2764705.3
2765360.3
2766537.3
2768066.3
2768068.3
2768069.3
2768071.3
2768161.3
2768162.3
2768834.3
2769067.3
2769078.3
2770636.3
2771361.3
2771430.3
2772557.3
2773454.3
2774015.5
2774137.4
2774151.4
2774189.3
2774190.3
2774460.3
2774461.3
2775080.4
2775159.6
2777577.3
2778476.3
2778550.7
2778876.3
2778911.3
2779518.3
2779519.3
2779528.3
2779775.3
2779889.3
2781022.3
2781023.3
278137.3
2781599.3
2781736.3
2781774.3
2781962.3
278197.12
2782006.5
2782167.3
2782168.3
2782169.3
2782568.3
2785627.3
2785918.3
2787628.3
2789740.4
2789856.3
278992.5
279058.18
2791037.5
279113.10
2792084.4
279238.18
2794344.3
2796366.3
2796470.3
2797636.3
2798577.4
2800818.3
2801335.3
2801997.3
28026.1097
28028.4
2802975.3
28031.120
28035.8
2803865.3
28047.9
2806210.4
2806553.3
2806609.3
2807096.3
2807512.3
28082.17
28087.13
2808900.3
28090.135
2809020.3
28091.9
28095.272
28097.9
2810347.3
28104.15
2810512.3
2810563.3
28107.3
28108.461
28109.4
28110.68
28111.453
2811108.3
2811111.3
28113.3
2811415.3
2811421.3
28116.7
28119.4
28129.57
28131.19
28133.89
28135.5
28137.14
28141.1048
2814292.4
2814293.3
2814294.3
2814656.3
28152.31
2815309.3
2815358.3
2815577.3
2815720.3
2816357.3
2816859.4
28169.8
2816950.3
28172.10
2817475.4
2818388.4
28184.13
2818493.3
28188.12
28189.7
2819238.3
2819986.3
2820270.10
2820661.3
2820710.3
2820884.3
2821542.3
2821543.3
2822368.3
282263.4
282402.5
2824561.3
28264.12
2827233.4
2829795.3
2829809.3
2830842.10
2831148.10
2831662.3
2834459.5
2834768.3
2835870.6
283686.18
283734.2345
283942.6
284034.3
2840472.3
2840474.3
2841264.4
2842346.5
2842348.3
2842349.3
2842350.3
2842354.3
2842355.3
2842356.3
2842357.3
2842453.3
2843330.3
28448.17
28449.200
28450.87
28452.8
28454.14
28454.16
2847045.4
2847989.4
2847991.3
2847992.3
2849501.3
285.146
2852098.4
285570.6
285578.11
2856519.3
2856608.3
285665.4
2856823.3
285729.7
2859001.3
2859226.11
2859768.10
2860336.3
2861782.3
2867231.3
2867233.3
2867236.5
2867238.3
286727.7
2871820.3
2871826.10
2872154.10
2874282.3
2875500.10
2875539.11
2875706.3
2875764.26
2875962.3
2878098.10
2878388.11
2880008.4
288004.11
2881053.10
2883169.15
2883998.10
2884022.3
288705.4
2887346.3
28885.6
28894.3
28898.29
2890317.4
2890321.3
2891570.3
2892440.3
2893471.4
289376.4
289377.5
2894081.10
2895286.5
2895947.3
2897181.3
2897773.3
2897774.3
2899121.3
2900738.6
290110.7
2901869.6
290315.5
290317.9
290335.3
290338.8
290398.11
2904121.3
290512.6
2906062.6
291112.3
291272.10
291594.5
291645.80
2917790.21
2919598.3
2923362.4
2923363.4
2923364.4
292459.5
292461.5
292462.10
292564.3
2925830.4
2926907.3
292800.508
292805.6
29314.9
29320.60
29341.10
29347.103
293614.5
29379.37
29380.14
293826.6
29384.15
29385.291
29391.22
29394.120
294.127
294.284
294.391
2942909.4
29430.59
29433.3
29438.36
29447.25
29449.15
29449.24
2945587.3
29466.62
29471.25
29485.3
29486.164
29489.35
29494.12
29495.31
29497.162
29519.26
29542.4
29552.8
29553.8
29554.3
29555.3
29556.47
29559.53
29561.44
29571.3
29575.20
29581.57
296.64
296199.8
296842.5
298654.4
299146.4
299152.5
299767.18
300019.3
300028.6
300181.112
300852.9
301301.604
302167.11
303.754
303541.7
304207.12
305.1006
306263.5
306537.10
307121.4
307486.17
307502.12
308354.4
309798.4
309799.4
309801.4
309803.4
310769.4
311182.4
311230.23
311231.3
312153.5
312285.3
312306.7
313596.4
314260.8
314275.19
314281.6
314724.27
315271.3
315405.105
316.577
316.578
316.624
316067.3
316275.15
316276.3
317.850
317577.8
317655.17
317658.3
318161.16
318167.14
318586.5
318683.7
319225.5
319236.5
31958.12
319706.13
319795.16
319939.27
319947.4
32002.38
320483.3
320497.4
32062.7
320778.9
320787.11
321662.5
321983.3
321984.3
321985.3
322009.3
322095.118
322710.5
323097.6
323098.6
323261.6
323450.3
323848.4
323850.11
324078.5
324079.4
324602.8
324925.5
325775.14
325777.7
326297.10
326298.21
326424.15
326427.4
326442.8
326522.8
326523.5
328812.163
329726.14
329854.497
33008.8
33011.21
33013.215
33025.13
33028.26
33028.46
33033.16
33037.9
33046.7
33047.3
33050.6
33059.42
33069.19
330734.3
330922.9
331113.3
331636.7
331648.3
331696.3
332101.23
332186.85
332999.9
333962.4
333966.3
334380.4
334542.35
335283.9
335541.7
335543.9
335659.3
335992.9
336810.203
336820.4
337.31
338187.36
338584.4
338645.5
33881.9
33887.27
33888.3
33889.21
338963.6
338966.9
338969.11
33899.19
33900.7
33914.4
33918.7
33923.3
33932.3
33938.10
33940.5
33959.508
339617.4
33962.10
33964.182
33968.66
33990.5
33995.5
34004.9
340047.17
340099.6
340100.3
340146.10
34021.18
340345.3
34061.5
34062.3
34085.1286
342108.9
342950.5
343403.3
343509.12
343874.12
345632.6
347534.7
349124.8
349161.6
349521.8
349967.11
350058.8
350688.5
350701.8
351605.6
351607.8
351627.8
351671.5
351679.5
352475.11
353.5
35621.10
356322.7
356851.6
356852.4
35703.153
357276.951
357441.63
35754.8
35755.3
35757.3
35760.5
35773.3
357804.7
357809.8
35787.22
35790.7
358.194
35806.7
358099.4
35814.53
35841.11
359.289
359110.7
359385.5
359387.5
359391.4
360106.6
360107.7
360910.4
361101.6
361183.4
362257.4
362837.3
363835.3
363852.4
363952.25
364197.3
364410.3
365044.20
365046.3
366522.7
367190.3
36740.7
367743.3
367791.6
367825.3
36805.5
36809.583
36813.7
36818.16
36821.5
36822.13
36835.4
36839.6
36839.7
368607.3
36863.8
36868.4
36874.15
369723.5
370038.4
370111.6
370524.8
370526.3
370764.3
370769.17
370777.3
371601.815
37326.9
37332.25
373891.8
373903.5
37448.5
375.122
375175.20
375489.4
375549.3
375899.3
376219.6
376686.10
37692.4
379066.3
379097.19
37929.4
37930.5
37931.15
379684.3
379895.10
381666.45
381751.3
381764.8
382638.14
382640.5
38284.26
38293.47
38300.4
38301.16
38302.4
38304.9
38310.3
38313.77
38323.3
383372.6
383750.6
384676.9
386874.3
386891.109
386911.11
387090.250
387661.157
388357.3
388950.3
389348.3
390874.12
390989.4
391.5
391038.7
39122.4
391626.17
391735.7
391774.8
391905.6
391936.16
391953.20
392416.4
392500.6
392593.4
393595.15
393765.6
393921.11
394503.7
39488.252
394935.39
394958.11
395494.4
395495.5
395598.4
395631.4
395963.13
395965.5
396.18
396015.4
396588.4
39687.7
39688.9
39691.13
39692.16
39695.9
39765.4
39778.224
39791.26
398049.4
398053.3
398513.13
398527.4
398579.7
398580.10
398694.15
398767.5
399497.3
39960.10
399736.3
400061.5
400065.3
400092.3
40041.361
401053.4
401471.8
401472.3
40215.126
40216.65
402384.3
402881.8
40318.15
40324.969
403833.7
404380.4
404405.4
404941.17
40545.1270
405948.11
406425.4
406548.7
407035.3
408015.13
408139.4
410.25
410072.579
411154.11
411470.47
411474.92
41170.10
411966.3
412034.10
412384.30
412418.29
412690.4
41276.4
412965.8
413404.11
413882.8
413999.7
41431.8
414684.5
414771.3
414778.16
414996.4
415709.4
416591.5
417367.3
417368.9
418223.6
418699.6
418701.3
41899.3
419479.6
420662.15
42094.4
421767.6
42197.5
42253.5
424188.3
425104.7
426114.10
426355.14
42881.4
429009.3
42906.9
430531.6
43057.13
430679.3
431947.7
43263.42
433286.4
433296.3
433659.3
434131.3
435897.6
435905.3
436.20
436113.7
436516.11
43659.6
43662.39
436717.3
43674.4
43765.99
43769.22
43770.1237
43771.9
437897.506
437900.15
438.22
438.60
438033.10
438753.4
439235.4
439292.5
439334.678
43989.4
44008.68
44010.9
441162.11
44139.8
441620.7
44251.7
44275.5
443156.3
443218.3
443254.7
444178.3
444597.11
445709.14
445710.3
44574.3
44577.3
445932.6
445975.13
445987.27
446.622
446462.6
446465.5
446466.7
446469.6
446470.6
446471.6
446679.3
446692.3
446860.3
44742.4
448385.16
449.5
44935.15
449461.3
449520.3
450367.44
450378.13
45065.6
45067.5
450851.6
451.7
451876.4
452.7
45243.5
452471.11
452637.7
452652.3
452659.4
452863.6
453162.3
453304.3
45361.3
45363.6
453783.6
45398.5
454.11
454601.4
45498.8
455432.5
455488.5
455632.4
456.15
45610.4
456163.8
456481.4
45655.4
45656.4
457423.5
457425.27
457570.14
458197.18
458817.8
459472.19
459858.9
460265.11
46124.66
46125.34
46127.8
46165.4
462710.3
463014.3
463025.4
463192.3
46541.11
465721.9
465797.3
465817.9
46677.3
46679.3
467094.3
46867.40
469378.5
469383.5
469615.12
469618.10
470.9250
470076.10
470565.129
470932.14
470933.11
470934.52
471.28
471514.7
471821.5
471827.5
471852.6
471853.5
471854.5
471857.5
472175.8
472181.4
47229.4
47229.9
472569.6
472693.28
472759.3
472834.17
47421.14
47466.156
47490.3
475662.4
475937.3
476.26
476157.3
47671.4
47715.587
47716.12
47763.10
477680.5
47770.632
478.31
47853.8
47857.4
47858.4
47865.5
47872.5
478749.18
47878.15
47879.39
47883.16
47917.8
479431.6
479432.6
479433.5
479434.6
479435.6
47951.68
47989.4
479978.7
48.18
480.269
480035.4
480418.17
480520.3
48074.3
48076.4
481146.4
481448.7
482462.10
482957.22
483.11
483179.4
483545.7
483547.12
483913.177
484.274
484019.4
485915.5
485916.5
485917.6
485918.6
486.156
48664.39
487.3172
487184.3
487316.69
487521.10
487909.30
488538.3
488546.5
488729.6
488731.5
489910.8
490.259
491078.5
491915.6
491950.12
491952.3
492.10
492670.3
49283.16
493.7
495.30
496014.3
496057.3
497299.3
497725.17
497965.6
497967.3
498761.4
499177.3
499229.3
502025.10
502352.4
502682.21
50338.8
50340.51
504468.11
504728.9
504832.19
505.115
505249.19
505682.4
506591.13
507626.3
508451.30
508536.5
509193.4
511.282
51101.7
511051.3
51161.3
512564.3
512565.3
512649.13
512763.3
51288.34
51364.6
51515.8
515393.28
515618.16
515620.21
515622.3
515635.4
516051.11
51664.5
51665.3
51669.7
517417.5
517418.5
518.71
518635.17
518636.100
518766.7
518898.3
519.23
519081.3
519441.6
519450.31
519472.5
52.12
520.1019
521010.43
521045.3
521095.6
521096.6
521097.5
521098.5
521460.8
521674.6
521689.3
522448.3
522484.4
522772.6
523791.5
523794.5
525897.5
525898.7
525903.6
525904.6
525909.11
526218.6
526222.3
526224.6
526225.7
526226.8
526227.6
526944.4
52764.3
52771.3
52773.8
52774.3
528191.3
528244.16
528244.4
529.176
529507.6
529884.3
530564.3
530584.4
531813.4
53336.8
53345.21
53346.127
53359.4
53362.3
53376.9
53407.10
53408.5
53410.9
53444.22
53451.4
53462.6
53501.11
53522.7
53558.4
535712.3
536.72
536227.13
536231.75
536441.7
537007.61
537011.437
538219.3
538220.3
538381.44
539.20
539813.36
54005.7
54006.4
540747.21
543736.57
543877.4
544580.571
544645.202
545619.4
545694.3
545695.3
54571.16
546.470
546160.3
546165.4
546269.21
546271.5
546367.124
546414.3
546871.3
546874.3
547987.3
548.605
548476.3
548479.6
549.416
54914.10
549298.4
550.2510
550540.3
551115.6
551989.5
551996.7
55210.5
55211.39
55212.15
55213.4
553174.6
553510.3
553981.3
554.20
554.39
554.82
554344.14
555079.3
555778.5
55583.4
55601.202
55603.4
556053.3
556054.3
556288.4
556325.3
556499.3
557599.62
557760.5
55779.5
558152.14
558173.4
558537.13
560555.10
561061.5
56107.3
56110.3
561229.3
561879.67
562959.3
562970.4
563040.3
563172.4
563797.7
564.206
564064.4
564137.34
564369.4
56453.4
56454.3
56455.11
56464.5
565.16
565042.3
565575.4
565655.9
566.7
566027.17
566552.18
56780.15
568768.7
568814.3
568815.3
569.134
56956.15
569860.6
570277.3
570374.3
570417.4
571.376
571.706
571177.3
571915.4
572477.4
572479.3
572480.3
572544.3
572545.4
572547.3
573061.5
573065.6
573066.19
57320.3
573370.3
573413.23
573501.14
573569.4
573570.3
573600.13
573737.17
574087.3
574556.4
57480.3
574987.5
575.107
575540.3
575788.5
576610.28
576611.26
576611.29
576611.7
577.26
57704.25
57706.65
577492.3
577650.3
579405.3
57975.12
580165.53
580331.4
580332.5
580340.6
58169.7
582.306
582402.5
582744.3
582899.7
583345.3
583346.6
583355.3
583358.4
58340.34
58346.16
584609.3
585531.7
586416.3
587.78
587753.86
588.252
589382.3
589865.4
589873.3
590409.4
590652.11
590998.5
591001.3
59299.27
59374.8
593907.5
594679.4
59505.5
595494.3
596153.4
59737.8
59779.20
59814.204
598659.3
60035.7
604330.5
60519.6
60520.20
60548.7
60550.9
607711.6
607712.7
608506.3
608538.5
60890.9
60894.5
61.7
610130.3
61015.8
611301.9
614.156
615.733
61635.6
61646.100
61647.65
61648.20
61648.5
61651.3
61652.34
616991.8
617123.56
621376.3
622.549
624.2249
624315.3
626774.13
626932.184
626937.26
626940.1115
628.33
629680.3
62977.6
63.3
630515.4
630626.3
631.40
63186.3
632292.3
632335.8
632348.3
632518.3
632773.3
633147.4
633149.4
634113.5
634177.7
634500.5
634504.3
636.15
63737.11
637390.19
637905.5
637971.3
638.17
638303.3
638849.22
639200.3
639282.3
639283.3
640030.3
640081.3
640132.3
640511.6
640513.3
641147.8
642780.3
643214.9
643561.4
643562.6
643648.3
643867.3
644.638
644282.4
644283.4
644966.3
645.211
645127.4
645517.4
645991.3
648757.4
648794.5
648995.32
648996.5
649196.3
649349.3
649638.3
649639.5
650.36
650377.4
650378.4
65058.108
651.72
651182.5
651561.15
651740.3
651822.3
652787.3
653733.4
65393.13
653931.5
653940.7
654.213
655015.3
655813.19
655815.4
656.32
656178.12
656179.11
656366.21
656519.3
65700.171
657387.4
65741.4
658172.5
658445.3
658629.4
659012.3
661191.10
661367.26
661410.3
661478.3
661481.3
66269.21
663.613
663278.4
663364.10
663365.7
66374.6
664683.32
665007.5
665029.3
665577.7
665914.6
666.4624
666509.3
666681.3
666685.116
667014.3
667015.3
66892.7
669.165
669365.7
669502.39
66969.7
670487.3
671223.3
672.345
67258.4
67260.4
67294.3
673.18
67304.8
67305.10
67345.6
67351.14
673862.7
674079.3
674529.279
675090.3
675281.3
675635.36
675864.4
676.375
676032.3
676208.3
67780.67
67825.30
67826.48
67827.25
680.83
680198.5
68173.3
68203.6
68209.3
68214.14
68270.5
682798.3
682956.6
682998.3
683042.3
683837.3
684066.8
684552.3
686340.8
687.14
688269.3
688270.3
68895.35
689.18
69.24
692036.5
69218.53
692370.5
69395.9
693973.6
693977.3
693979.3
693986.4
694427.4
69539.4
695562.4
696125.3
696127.4
696281.4
696485.30
69666.3
696844.5
69713.4
697281.3
697329.10
698758.3
698761.4
698762.3
698828.3
698948.3
699041.3
699246.3
69964.3
69966.78
69967.4
700015.3
700274.4
700598.3
701042.4
702115.3
70255.15
70258.6
703.94
70346.7
70348.3
703612.22
704125.3
706587.4
70775.25
708113.3
708131.4
708132.4
708248.9
709032.3
709883.12
709986.3
709991.141
710696.3
71237.39
712710.42
713585.9
713887.8
714067.7
71421.8
71452.23
715.83
715451.3
715473.5
716544.4
716816.3
716928.12
717231.3
717605.14
717772.5
717773.3
717774.3
718192.4
71999.5
720554.3
722731.3
72360.15
72361.9
726.90
727.532
728.171
728066.4
730.26
73010.5
73044.9
731.76
735.52
738.201
741091.4
743009.3
743698.3
743718.4
743966.3
743967.3
743971.3
743972.3
74426.49
745277.3
745776.4
746697.3
74700.3
74706.45
747365.3
747523.4
748449.3
749222.3
751945.3
753.23
75385.5
754.3
754476.38
754477.3
754502.14
754515.3
754516.3
754517.3
755178.3
755732.3
75612.23
756272.5
756892.66
757414.9
758793.3
758802.12
758820.4
758847.45
75906.12
759620.9
75985.125
759914.5
760142.3
760154.4
760192.3
76114.8
76115.4
76116.4
761193.3
76123.5
762.5
762051.18
762210.5
76259.12
762903.4
762948.4
762982.68
765910.48
765911.20
765912.4
765952.4
76629.4
76731.8
767434.3
767452.10
76758.17
76759.28
76760.17
76761.16
768066.43
76832.21
768492.3
76857.9
76862.10
768670.3
768706.3
76936.10
77095.25
771875.3
774.13
77608.15
77635.9
779.22
78327.9
78331.5
78398.23
79263.3
795359.3
79604.20
797277.3
797291.6
79967.6
803.6
807.5
80850.9
80860.3
80866.4
80869.127
81408.26
81459.3
81460.5
81479.8
817.1744
818.1357
81947.23
823.3332
82348.3
82367.27
824.5
82541.19
82633.33
82977.7
82985.7
82989.7
82995.6
83219.16
83262.18
83291.4
83555.76
83559.36
83655.10
83656.10
83683.11
83771.33
838561.4
839.28
84022.6
84032.3
84096.3
84110.3
84112.437
84135.157
84531.8
84588.4
847.8
853.7536
85336.19
85402.4
856793.5
85693.8
85698.301
857087.3
858423.13
859144.10
859654.6
85968.10
85991.17
860.14
860235.4
861.4
86102.41
861109.21
861299.3
86185.57
862126.3
86265.6
862908.3
863239.11
863372.38
864564.6
864828.3
865.5
865757.3
866536.3
86660.4
866629.4
86664.47
866895.3
867900.3
868864.3
869209.15
869210.3
869212.3
870501.8
871203.12
871742.4
873191.9
874454.12
875328.3
87541.3
876.35
877500.17
87883.148
879243.3
879567.3
880070.3
880071.3
880072.3
880073.11
880074.29
880478.8
881260.71
882211.4
88233.6
882378.3
882626.5
886293.27
886343.3
886377.3
88688.3
888057.20
888061.5
889201.20
889378.14
889453.4
89053.13
89059.5
89093.5
89152.14
891968.3
89586.7
897.5
903814.3
904291.8
907.29
908937.28
913107.7
913109.7
913848.7
914150.17
914153.3
91604.6
920.108
92400.8
92401.9
925775.5
926.3
92645.6
92647.16
926550.5
926556.3
926562.3
926566.14
926569.3
926570.3
927083.19
92758.3
92945.27
92947.3
929713.18
929813.7
930166.114
930169.3
931089.4
931099.3
931100.3
931101.3
931276.5
931626.3
93218.68
93219.10
93220.90
93221.13
93222.14
93378.7
935293.3
936140.8
936155.3
936337.3
937777.3
938155.3
938288.17
93944.10
93973.3
941638.3
941907.3
943830.9
943945.3
944546.4
945711.3
945713.3
946333.4
946483.6
947919.4
949.3
95300.10
95301.3
95485.11
95486.90
955.43
95641.4
959.3
960.5
96232.8
96344.9
96345.679
964.22
96472.3
96495.4
96561.5
96773.10
97478.158
97481.4
980251.5
980254.9
980422.3
980445.7
981222.3
981385.3
984208.3
984262.3
985002.10
985008.4
985043.7
985665.3
985762.61
986.7
986075.10
98668.7
98794.7
991789.25
991791.3
991905.3
993502.5
996.277
996.7
99653.5
996801.5
997348.37
997761.3
997873.77
997890.6
998845.4
999552.6
