1031536.3
1031542.11
1031542.6
1031564.3
1031733.3
1031742.3
1031746.3
1031752.3
1031753.3
1031754.3
1031920.3
1032066.3
1032067.3
1032069.3
1032242.3
1032243.3
1045010.61
1045010.62
1045010.63
1045010.64
1093099.4
1183378.4
1183379.4
1183380.4
1201032.3
1211776.3
1240980.3
1244528.3
1244529.3
1244531.3
1244531.5
1244531.6
1273173.3
1273266.4
1295010.3
1338032.3
1338034.3
1338035.3
1340842.3
1347340.3
1349826.3
1349827.3
1357994.3
1358410.3
1367491.3
1380767.3
1380768.3
1383068.3
1385720.3
1385721.3
1385722.3
1385723.3
1385724.3
1388749.3
1388750.3
1388751.3
1388752.3
1388753.5
1408176.3
1448857.8
1448857.9
1453988.3
1453989.3
1500960.3
1507806.5
1507806.50
1507806.64
157268.12
1639.753
1639.754
1639.755
1639.756
1639.757
1639.758
1639.759
1639.760
1639.761
1639.8210
1655500.21
1660063.3
1660063.4
1660064.3
1660067.5
1660067.6
1660067.7
1660070.3
1660071.3
1660073.3
1660074.3
1660076.3
1660078.3
1660079.3
1660080.3
1780362.3
1813019.185
1813019.186
1813019.56
1813019.79
1813019.84
1813595.3
1848766.7
192222.6
195.1023
195.1031
195.1061
195.1062
195.1063
195.1064
195.1065
195.1066
195.1088
195.1100
195.1176
195.1228
195.1282
195.2344
195.2355
195.2485
195.2486
195.2487
195.2488
195.2489
195.2556
195.2557
195.2559
195.2659
195.282
195.2928
195.2929
195.3033
195.3049
195.3050
195.3051
195.30556
195.30557
195.30558
195.30559
195.30560
195.30561
195.30562
195.30563
195.30623
195.3075
195.3076
195.3077
195.3230
195.3232
195.3233
195.3234
195.3310
195.3311
195.3312
195.3313
195.3474
195.3477
195.3482
195.3489
195.3491
195.3498
195.3528
195.3529
195.3530
195.3531
195.3532
195.3533
195.3534
195.3544
195.3608
195.3614
195.363
195.3855
195.3891
195.3892
195.398
195.399
195.400
195.4265
195.429
195.4402
195.4521
195.4522
195.4523
195.4524
195.4609
195.462
195.4671
195.4672
195.4673
195.4685
195.4686
195.5099
195.5100
195.5101
195.5102
195.5103
195.5104
195.5105
195.5106
195.5107
195.5108
195.5123
195.5206
195.5298
195.5357
195.5358
195.5359
195.5360
195.5361
195.5362
195.5363
195.5364
195.5365
195.5366
195.899
195.999
195099.5
197.10101
197.10102
197.10103
197.10104
197.10105
197.10106
197.10112
197.11403
197.11692
197.11720
197.11722
197.11723
197.11724
197.11725
197.11726
197.11828
197.11830
197.11831
197.13062
197.13316
197.13317
197.13318
197.13319
197.13320
197.13321
197.13322
197.13323
197.13324
197.13325
197.13326
197.14641
197.15230
197.15231
197.15232
197.15233
197.15234
197.15235
197.15236
197.16681
197.16682
197.16683
197.16684
197.16689
197.16691
197.17084
197.17087
197.17136
197.17334
197.17335
197.17336
197.17337
197.17338
197.17929
197.17930
197.17931
197.17932
197.17933
197.17934
197.17935
197.17936
197.17937
197.17938
197.17939
197.17940
197.17941
197.18033
197.18038
197.18039
197.18040
197.19143
197.19144
197.19147
197.19214
197.19216
197.19217
197.19218
197.19219
197.19220
197.19221
197.19222
197.19223
197.19317
197.20562
197.20635
197.20754
197.20755
197.20756
197.20757
197.20758
197.20759
197.20760
197.20761
197.20762
197.20763
197.20764
197.20765
197.20766
197.20767
197.20768
197.20847
197.20875
197.20876
197.20877
197.20893
197.20894
197.21010
197.21011
197.21012
197.21013
197.21014
197.21015
197.21031
197.21033
197.21034
197.21035
197.21036
197.21037
197.21045
197.21047
197.21053
197.21054
197.21055
197.21056
197.21172
197.21194
197.21537
197.21538
197.21539
197.21540
197.21541
197.21542
197.21543
197.21544
197.21545
197.21546
197.21547
197.21548
197.21549
197.21550
197.21551
197.23390
197.23391
197.23405
197.23406
197.23407
197.23408
197.23704
197.23705
197.23706
197.23707
197.23793
197.23794
197.23795
197.23796
197.23797
197.23798
197.23799
197.23800
197.23801
197.23802
197.23803
197.23804
197.23805
197.23806
197.23807
197.23808
197.23809
197.23810
197.23811
197.23812
197.23813
197.23814
197.23886
197.23887
197.23888
197.23889
197.23890
197.23891
197.23892
197.23893
197.23894
197.23895
197.23896
197.23897
197.23898
197.23899
197.23900
197.23901
197.23902
197.23903
197.23904
197.23905
197.23906
197.23907
197.24057
197.24442
197.24540
197.24541
197.24542
197.24543
197.24544
197.24545
197.24546
197.24547
197.24548
197.24551
197.24552
197.24553
197.24554
197.24555
197.24556
197.24557
197.24718
197.24719
197.24720
197.24724
197.24725
197.24726
197.24727
197.24728
197.24729
197.24730
197.24731
197.24732
197.24733
197.24734
197.24735
197.24736
197.24737
197.24738
197.24739
197.24740
197.24741
197.24742
197.24743
197.24744
197.24745
197.24746
197.24747
197.24748
197.24749
197.24750
197.24751
197.24752
197.24753
197.24754
197.24755
197.24756
197.24757
197.24758
197.24759
197.24760
197.24761
197.24762
197.24763
197.24764
197.24765
197.24766
197.24767
197.24768
197.24769
197.24770
197.24771
197.24772
197.24773
197.24774
197.24775
197.24776
197.24777
197.24778
197.24779
197.24780
197.24781
197.24782
197.24783
197.24784
197.24785
197.24794
197.25081
197.25082
197.25083
197.25084
197.25085
197.25086
197.25087
197.25088
197.25089
197.25090
197.25091
197.25092
197.25093
197.25094
197.25095
197.25096
197.25097
197.25098
197.25099
197.25100
197.25101
197.25102
197.25103
197.25104
197.25105
197.25106
197.25107
197.25108
197.25109
197.25110
197.25111
197.25112
197.25113
197.25114
197.25115
197.25116
197.25117
197.25118
197.25119
197.25120
197.25121
197.25122
197.25123
197.25124
197.25125
197.25126
197.25127
197.25128
197.25191
197.25281
197.25282
197.25283
197.25284
197.25285
197.25286
197.25287
197.25288
197.25289
197.25290
197.25291
197.25292
197.25342
197.25343
197.25747
197.25748
197.25749
197.25750
197.25751
197.25752
197.25753
197.25754
197.25755
197.25756
197.25757
197.25758
197.25759
197.25760
197.25761
197.25762
197.25763
197.25764
197.25765
197.25766
197.25767
197.25768
197.25769
197.25770
197.25771
197.25772
197.25773
197.25774
197.25775
197.25776
197.25777
197.25778
197.25779
197.25780
197.25781
197.25782
197.25783
197.25784
197.25785
197.25786
197.25787
197.25788
197.25789
197.25790
197.25791
197.25792
197.25793
197.25794
197.25795
197.25796
197.25797
197.25798
197.25799
197.25800
197.25801
197.25802
197.25803
197.25804
197.25805
197.25806
197.25807
197.25808
197.25809
197.25810
197.25811
197.25812
197.25813
197.25814
197.25815
197.25816
197.25817
197.25818
197.25819
197.25820
197.25821
197.26666
197.26667
197.26668
197.26669
197.26795
197.27358
197.27359
197.27360
197.27361
197.27468
197.27469
197.27470
197.27471
197.27472
197.27473
197.27474
197.27475
197.27476
197.27477
197.27478
197.27479
197.27480
197.27481
197.27482
197.27483
197.27484
197.27485
197.27486
197.27487
197.27494
197.27495
197.27512
197.27513
197.27514
197.27515
197.27516
197.27517
197.27822
197.5165
197.5229
197.5236
197.5249
197.5260
197.5261
197.5262
197.5263
197.5264
197.5265
197.5266
197.5267
197.5268
197.5269
197.5270
197.5271
197.5272
197.5273
197.5274
197.5275
197.5276
197.5277
197.5278
197.5279
197.5280
197.5281
197.5282
197.5283
197.5284
197.5285
197.5286
197.5287
197.5288
197.5289
197.5290
197.5291
197.5292
197.5293
197.5294
197.5295
197.5296
197.5297
197.5298
197.5299
197.5300
197.5301
197.5302
197.5303
197.5304
197.5305
197.5306
197.5307
197.5308
197.5309
197.5310
197.5311
197.5312
197.5313
197.5314
197.5323
197.5327
197.5328
197.7754
197.7755
197.7756
197.7757
197.7758
198.32
199.2265
199.2266
199.2267
199.2268
199.2269
199.248
199.901
200.17
200.22
200.6
201.18
201.181
201.183
201.36
201.66
201.72
201.88
202.15
203.100
203.118
204.123
204.182
2042961.4
206.3
210.6109
210.6110
210.6111
210.6112
210.6113
210.6114
210.6115
210.6116
210.6117
210.6118
210.6119
210.6120
210.6121
210.6122
210.6123
210.6124
210.6125
210.6126
210.6127
210.6128
213.61
213.62
2267891.6
2505970.4
2517362.3
2561898.4
2572050.3
2572059.3
2572065.3
2572069.3
2572074.3
2572075.3
2572082.3
2572083.3
2572084.3
2572085.3
260714.7
260714.8
2691918.48
2691918.49
273121.8
2789416.3
2789416.4
28080.103
28080.104
28080.79
28080.85
28150.99
2840180.3
28898.29
28898.46
2983836.3
2984142.3
2984146.3
2997767.3
2997793.3
2997820.3
306263.5
32019.100
32019.101
32019.154
32019.155
32019.160
32019.161
32019.50
32020.109
32020.11
32020.110
32020.112
32020.28
32020.98
32021.10
32021.11
32021.6
32021.7
32022.144
32022.145
32022.146
32022.147
32022.148
32022.149
32022.158
32022.159
32022.219
32022.220
32022.221
32022.222
32022.223
32022.264
32022.292
32022.293
32022.294
32022.295
32022.653
32022.654
32022.684
32022.685
32022.686
32022.687
32022.688
32022.703
32022.87
32022.874
32022.875
32022.876
32022.877
32022.878
32022.879
32022.893
32022.894
32022.895
32022.942
32022.943
32022.944
32022.945
32022.946
32024.6
354242.16
360104.9
360105.8
360106.6
360107.7
360109.10
374106.3
407148.6
449520.3
488545.3
488546.5
522484.4
567106.3
580033.3
59201.2756
59201.2757
59201.2758
59201.2759
593905.28
611.422
623.1100
623.1101
623.1102
624.1860
624.1861
645464.3
650054.4
650054.5
688354.5
718271.4
75658.33
757425.3
76517.51
824.193
824.5
827.100
827.94
827.97
83334.410
83334.411
83334.412
90371.3695
91352.22
91352.23
983328.6
