1033900.12
1124835.10
1124835.11
1241978.4
1241978.5
1241979.4
1241981.7
1241981.8
1241982.7
1241982.8
1265445.10
1265445.3
1324352.13
1324352.5
1416779.8
1493872.3
1493872.4
1493872.5
1609531.5
1685010.5
1721091.3
1813611.11
1813611.25
1813611.9
1854498.5
1871047.42
1871047.81
192389.10
192389.7
1932669.4
2015076.3
2038776.3
2039166.3
246.12
2478663.3
2487063.3
2487064.3
2487065.3
2487071.3
2487072.3
2487073.3
2497456.3
250.33
250.34
250.40
250.7
253.104
253.106
253.154
253.157
253.169
253.190
253.20
253.205
253.23
253.39
253.53
253.54
253.62
253.86
253.89
254.12
254.18
2547600.3
2594269.3
266748.11
266749.8
2713414.4
2724619.3
2745153.3
2754694.3
2758037.4
2759528.3
2778077.3
2825845.3
2838877.3
2852098.3
2852098.4
2856522.3
2864040.4
2966625.5
2997336.4
3094839.3
3231511.3
3379128.3
373672.12
373672.13
373672.19
421058.19
421058.20
421525.16
536441.3
536441.6
536441.7
558152.14
59733.12
59733.23
651561.14
651561.15
651561.23
651561.8
878220.3
