1033813.3
1038927.31
1038927.40
1038927.41
1038927.45
1038927.83
1038927.86
1045010.15
1045010.16
1045010.21
1045010.60
1045010.61
1045010.62
1045010.63
1045010.64
1048254.4
1048689.4
1050617.5
1055533.4
1055534.4
1055537.66
1055537.67
1055538.10
1055538.11
1055538.12
1055538.13
1055538.14
1055538.15
1055538.16
1055538.6
1055538.7
1055538.8
1055538.9
1055540.4
1055541.4
1055542.5
1055543.4
1055544.3
1055545.3
1072459.4
1078021.3
1078021.4
1078032.3
1110693.10
1110693.11
1110693.3
1110693.9
1133852.3
1133853.3
1134687.198
1134687.199
1134687.200
1134687.201
1134687.203
1134782.3
1173427.6
1200752.3
1245474.3
1248823.7
1248902.3
1248903.6
1248915.3
1274814.3
1280.21160
1280.21161
1280.21162
1280.21163
1280.21164
1282.1900
1284663.3
1311757.3
1313.16308
1313.16309
1313.16310
1313.16311
1313.18291
1314.1045
1314.1046
1314.1047
1314.1048
1314.1049
1322345.19
1328859.4
1329907.3
1330457.6
1335916.3
134047.14
1355100.3
1355101.3
1358422.3
1382700.12
1385755.3
1385755.5
1385755.6
1392854.3
1392858.5
1401688.5
1403831.3
1411691.4
1412834.4
1435461.4
1437823.3
1440052.3
1441627.14
1446600.3
1446701.3
1446701.4
1446707.3
1446746.5
1446746.6
1446746.7
1463165.305
1463165.307
1499973.113
1499973.128
1499973.130
1499973.132
1499973.199
1499973.225
1499973.27
1499973.28
1499973.29
1499973.30
1499973.31
1499973.6
1502658.3
155864.210
155864.360
155864.361
155864.42
155864.8
158836.343
158836.344
158836.782
158836.783
158836.784
158836.785
158836.786
158836.787
158836.788
158836.789
158836.790
158836.791
158836.792
158836.793
158836.795
158836.796
158836.797
158836.798
158836.799
158836.800
158836.801
158836.802
158836.803
158836.804
158836.805
158836.806
158836.807
158836.808
158836.809
158836.810
158836.850
1636603.3
1636606.3
1636607.4
1636608.3
1636609.3
1636610.3
168807.6
168807.7
1758179.3
1758189.3
1758194.3
1758196.3
1812935.83
1812935.85
1812935.86
1812935.87
1812935.88
1812935.89
1812935.90
1812935.91
183192.3
1849427.3
1920107.3
1920109.3
1920110.3
1920114.3
1920116.3
1920128.3
195.2485
195.2486
195.2487
195.2488
195.2489
1954351.6
197.17334
197.17335
197.17336
197.17337
197.17338
198214.7
198215.6
199310.237
199310.4
2027295.3
2044467.5
2048775.3
2048776.3
2048777.3
2048778.3
2048779.3
2048780.3
2048781.3
2058152.29
2058152.30
2058152.32
2058152.34
2058152.35
2058152.36
2066051.3
2067421.3
2067421.5
2072463.10
2077147.3
2077148.3
2077149.3
2079157.3
208962.167
208962.168
208962.169
208962.173
208962.232
208962.233
208962.234
208962.235
208962.236
208962.237
208962.238
208962.239
208962.240
208962.241
208962.242
208962.243
208962.244
208962.245
208962.246
208962.247
208962.248
208962.249
208962.289
208962.290
208962.291
208962.292
208962.293
208962.294
208962.295
208962.296
208962.297
208962.298
208962.299
208962.304
208962.305
208962.306
208962.307
208962.308
208962.309
208962.310
208962.311
208962.312
208962.313
208962.314
208962.315
208962.316
208962.317
208962.318
208962.319
208962.320
208962.321
208962.322
208962.323
208962.324
208962.325
208962.326
208962.327
208962.328
208962.335
208962.336
208962.337
208962.340
208962.36
208962.388
208962.389
208962.395
208962.50
208962.51
208962.53
208962.68
208962.80
208962.81
208962.82
208962.85
208962.87
208962.88
208962.89
208962.90
2126982.6
216592.3
216592.36
244319.350
244366.382
244366.383
244366.384
244366.385
244366.513
244366.613
2491679.3
2491679.6
2491692.3
2491878.3
2509662.3
2509664.3
2509666.3
2592065.4
2603836.3
2605619.10
2605619.11
2605619.12
2605619.13
2605619.14
2605619.15
2605619.16
2605619.17
2605619.18
2605619.3
2605619.4
2605619.5
2605619.6
2605619.7
2605619.8
2605619.9
2605620.3
2608867.60
2697517.3
2725997.3
2742619.3
2742620.3
2742621.3
2742622.3
2742623.3
2742624.3
2742625.3
2742626.3
2742627.3
2742629.3
2742630.3
2742632.3
2742635.3
2742636.3
2742638.3
2742639.3
2742641.3
2742646.3
2742647.3
2742648.3
2742649.3
2742651.3
2742653.3
2742654.3
2742655.3
2742656.3
2742657.3
2742658.3
2742659.3
2742661.3
2742662.3
2742663.3
2742665.3
2742666.3
2742667.3
2742668.3
2742670.3
2742671.3
2742673.3
2742674.3
2742675.3
2742676.3
2742677.3
2742678.3
2763104.3
2773704.3
2773705.3
2773706.3
2773707.3
2778652.3
2778653.3
2778654.3
2778655.3
2778656.3
2778657.3
2778657.4
2810404.4
2810405.4
2810406.4
2810407.4
2810408.4
2810409.4
2814546.3
28150.99
2822132.3
2848143.3
2848144.3
2848145.3
2854732.3
2854732.4
2854732.5
2854732.6
2857061.3
2860337.3
2861805.3
2861805.4
2861806.3
287.10162
287.10399
287.10400
287.10401
287.10402
287.10403
287.10404
287.10405
287.10406
287.10407
287.10408
287.10564
2969654.4
297246.15
3065859.4
315456.7
316385.7
316401.27
316407.41
316407.9
316435.10
316435.104
316435.29
316435.58
316435.66
323.41
323.42
323.43
331111.12
331112.6
340184.27
362663.9
364106.45
364106.46
364106.8
373045.6
376725.3
37762.5
37762.6
386585.154
40215.125
405955.13
409438.11
413997.3
431946.3
439184.7
439855.10
444450.8
469008.117
469008.15
469008.16
469008.4
469008.91
470.4683
470.9233
481805.41
481805.51
481805.55
481805.6
498388.3
511145.1148
511145.1149
511145.1150
511145.1151
511145.12
511145.1274
511145.1275
511145.1276
511145.1277
511145.1278
511145.1279
511145.1280
511145.1282
511145.1287
511145.1319
511145.1497
511145.1508
511145.180
511145.181
511145.183
511145.185
511145.186
511145.208
511145.209
511145.616
511145.648
511145.696
511145.876
511145.879
511693.14
511693.15
511693.30
536056.19
536056.3
544404.4
546.811
546.812
546.813
546.815
546.816
546.817
546.818
546.819
546.820
546.821
546.824
546.825
546.826
546.827
546.828
546.829
546.830
546.831
546.832
546.833
546.834
546.835
546.837
546.838
546.839
546.841
546.842
546.843
546.844
546.846
546.847
546.848
546.849
546.851
546.852
546.853
546.855
546.856
546.857
546.858
546.859
546.860
546.862
546.863
546.865
546.866
546.868
546.869
546.870
546.871
546.872
546.873
546.876
546.877
546.894
546.906
546.907
546.908
546.909
546.910
546.911
546.912
546.913
546.914
546.915
546.916
546.917
546.919
548.735
548.736
550.1232
550.2811
550.2812
550.2813
550.2815
550.2831
550.2832
562.10006
562.10007
562.10008
562.10009
562.101959
562.101960
562.101985
562.101986
562.102131
562.102132
562.102133
562.102134
562.102135
562.102136
562.102137
562.102138
562.102139
562.102140
562.102143
562.102144
562.102253
562.102254
562.102340
562.102341
562.102351
562.102352
562.102353
562.102358
562.102359
562.102360
562.102792
562.102813
562.102814
562.102815
562.102816
562.103951
562.103979
562.103981
562.104038
562.104039
562.104040
562.104041
562.104042
562.104043
562.104044
562.104045
562.104046
562.104048
562.104121
562.104122
562.104186
562.104187
562.104188
562.104189
562.104194
562.104195
562.104198
562.104232
562.104233
562.104348
562.104349
562.104350
562.104351
562.104352
562.104353
562.106083
562.106084
562.106090
562.106091
562.106092
562.106093
562.106207
562.106208
562.106216
562.106217
562.106218
562.106219
562.106220
562.106222
562.106223
562.106224
562.106225
562.106226
562.106227
562.106228
562.106229
562.106230
562.106231
562.106232
562.106233
562.106234
562.106235
562.106236
562.107099
562.107117
562.107118
562.107158
562.107159
562.107196
562.107283
562.107284
562.107285
562.107286
562.107287
562.107288
562.107309
562.107310
562.107311
562.107312
562.107313
562.107314
562.107315
562.107316
562.107317
562.107318
562.107319
562.107320
562.107321
562.107322
562.107323
562.107324
562.107325
562.107326
562.107724
562.107725
562.107726
562.107727
562.107728
562.107729
562.107730
562.107731
562.10826
562.10827
562.108436
562.108442
562.108445
562.108465
562.108466
562.108467
562.108468
562.108469
562.108470
562.108472
562.108473
562.108479
562.108483
562.108484
562.108485
562.108486
562.108487
562.108529
562.108535
562.108536
562.108537
562.108538
562.108539
562.108540
562.108541
562.108542
562.108543
562.108544
562.108545
562.108546
562.108547
562.108548
562.108549
562.108550
562.108551
562.108552
562.108553
562.108554
562.108555
562.108556
562.108557
562.108558
562.108559
562.108560
562.108561
562.108562
562.108563
562.108564
562.108565
562.108566
562.108567
562.108568
562.108569
562.108570
562.108571
562.108572
562.108573
562.108574
562.108575
562.108576
562.108577
562.108578
562.108680
562.108792
562.108793
562.108811
562.108812
562.108813
562.108814
562.10883
562.10884
562.10886
562.10887
562.10888
562.10890
562.108962
562.109763
562.109764
562.109765
562.109766
562.109767
562.109768
562.109769
562.109770
562.109771
562.109772
562.109773
562.109774
562.109775
562.109776
562.109777
562.109779
562.109780
562.109781
562.109782
562.109783
562.109784
562.109785
562.109786
562.109787
562.109789
562.109790
562.109791
562.109793
562.109794
562.109795
562.109796
562.109797
562.109798
562.109832
562.109859
562.109860
562.109861
562.109862
562.109868
562.109869
562.109870
562.109871
562.109880
562.109881
562.109882
562.109883
562.110011
562.110012
562.110013
562.110014
562.110015
562.110016
562.110017
562.110018
562.110019
562.110020
562.110022
562.110023
562.110555
562.110556
562.110557
562.110558
562.110559
562.110560
562.110561
562.110562
562.110563
562.110564
562.110565
562.110566
562.110578
562.110579
562.110580
562.110581
562.110582
562.110583
562.110584
562.110585
562.110734
562.110735
562.110736
562.110755
562.110756
562.110757
562.110758
562.110759
562.110760
562.110761
562.110762
562.110763
562.110764
562.110765
562.110766
562.110767
562.110768
562.110769
562.110770
562.110771
562.110772
562.110773
562.110774
562.110775
562.110776
562.110777
562.110778
562.110779
562.110780
562.110781
562.110782
562.110783
562.110784
562.110785
562.110786
562.110787
562.110823
562.110824
562.110826
562.110982
562.110983
562.110999
562.111033
562.111034
562.111035
562.111036
562.111043
562.111044
562.111045
562.111046
562.111055
562.111056
562.111057
562.111058
562.112330
562.112331
562.112339
562.112383
562.112391
562.112392
562.112402
562.112403
562.112409
562.112410
562.112421
562.112423
562.112424
562.112425
562.112426
562.112500
562.112501
562.112502
562.112503
562.112504
562.112526
562.112528
562.112529
562.112541
562.112542
562.112543
562.112544
562.11292
562.11293
562.11315
562.11317
562.11318
562.11327
562.11345
562.114624
562.114625
562.114626
562.114627
562.114628
562.114629
562.114630
562.114631
562.114632
562.114633
562.114634
562.114635
562.114646
562.114653
562.114656
562.114657
562.114658
562.114659
562.114660
562.114661
562.114662
562.114663
562.114671
562.114678
562.114679
562.114680
562.114681
562.114682
562.114688
562.114689
562.11469
562.11470
562.114700
562.114701
562.114702
562.114703
562.114704
562.114705
562.11479
562.114833
562.114834
562.114835
562.114836
562.114837
562.114838
562.114839
562.115111
562.115112
562.115113
562.115114
562.115115
562.115116
562.115117
562.115253
562.115254
562.115255
562.115256
562.115257
562.115258
562.115259
562.115260
562.115261
562.115262
562.115263
562.115264
562.115271
562.115279
562.115442
562.115444
562.115445
562.115466
562.115489
562.11558
562.115915
562.115929
562.115930
562.115931
562.121726
562.121921
562.121922
562.121923
562.121924
562.121925
562.121926
562.121927
562.121928
562.121929
562.121930
562.121940
562.121941
562.121942
562.121943
562.121944
562.121945
562.121946
562.121947
562.121948
562.121949
562.121950
562.121951
562.121952
562.121953
562.121954
562.121955
562.121956
562.121957
562.121958
562.121959
562.121960
562.121961
562.121962
562.121967
562.122054
562.122055
562.122056
562.122059
562.122065
562.122068
562.122162
562.122163
562.122164
562.122172
562.122255
562.122256
562.122257
562.122258
562.122968
562.122991
562.122992
562.122993
562.122994
562.123062
562.123063
562.123064
562.123065
562.123066
562.123067
562.123070
562.123071
562.123072
562.123073
562.123989
562.123990
562.124010
562.124011
562.124112
562.124141
562.124154
562.124155
562.124156
562.124157
562.124158
562.124159
562.124160
562.124161
562.124162
562.124163
562.124164
562.124690
562.124691
562.124692
562.124705
562.124787
562.124788
562.124789
562.124790
562.124791
562.124792
562.124858
562.124932
562.124933
562.124934
562.124935
562.124936
562.124937
562.124938
562.124939
562.124940
562.124941
562.124942
562.124944
562.124945
562.124946
562.124947
562.124955
562.124956
562.124957
562.124958
562.124960
562.124961
562.124962
562.124994
562.124997
562.124998
562.124999
562.125000
562.125001
562.125002
562.125003
562.125004
562.125005
562.125006
562.125007
562.125008
562.125009
562.125010
562.125011
562.126110
562.126111
562.126112
562.126113
562.126114
562.126115
562.126116
562.126117
562.126118
562.126119
562.126120
562.126121
562.126122
562.126123
562.126124
562.126125
562.126126
562.126127
562.126128
562.126172
562.126188
562.126189
562.126212
562.126213
562.126214
562.126217
562.126218
562.126219
562.126220
562.126221
562.126222
562.126223
562.126224
562.126225
562.126226
562.126227
562.126228
562.126229
562.126230
562.126231
562.126232
562.126233
562.126234
562.126235
562.126236
562.126237
562.126238
562.126239
562.126240
562.126254
562.126256
562.126257
562.126258
562.126259
562.126260
562.126261
562.126262
562.126263
562.126264
562.126265
562.126266
562.126267
562.126268
562.126269
562.126270
562.126271
562.126272
562.126273
562.126274
562.126275
562.126276
562.126277
562.126278
562.126279
562.126280
562.126281
562.126282
562.126283
562.126284
562.126285
562.126286
562.126287
562.126288
562.126289
562.126290
562.126291
562.126292
562.126293
562.126294
562.126295
562.126296
562.126297
562.126298
562.126299
562.126300
562.126301
562.126302
562.126303
562.126304
562.126305
562.126306
562.126307
562.126308
562.126357
562.126358
562.126359
562.126360
562.126361
562.126362
562.126363
562.126364
562.126365
562.126366
562.126367
562.126368
562.126369
562.126370
562.126371
562.126372
562.126373
562.126374
562.126375
562.126376
562.126377
562.126378
562.126379
562.126380
562.126381
562.126382
562.126383
562.126384
562.126385
562.126386
562.126387
562.126388
562.126389
562.126390
562.126391
562.126392
562.126393
562.126394
562.126395
562.126396
562.126397
562.126399
562.126400
562.126401
562.12823
562.12824
562.12825
562.12826
562.12827
562.12830
562.128794
562.128795
562.128809
562.128810
562.128811
562.128870
562.128902
562.128904
562.128907
562.128908
562.128909
562.128911
562.128912
562.128913
562.128914
562.128918
562.128919
562.128920
562.128954
562.128955
562.128956
562.128957
562.128958
562.128961
562.12907
562.129202
562.129219
562.129220
562.129221
562.129222
562.129223
562.129224
562.129227
562.129228
562.129229
562.129230
562.129231
562.129232
562.129233
562.129234
562.129235
562.129236
562.129237
562.129238
562.129239
562.12924
562.129240
562.12925
562.129261
562.129262
562.129333
562.129335
562.129336
562.129337
562.129338
562.129339
562.129340
562.129341
562.129342
562.129343
562.129344
562.129347
562.129406
562.129407
562.12941
562.129414
562.129415
562.129416
562.129417
562.129418
562.129419
562.129421
562.12944
562.129458
562.129471
562.129472
562.129473
562.129474
562.129475
562.129476
562.129477
562.129480
562.129482
562.131861
562.131862
562.131863
562.131864
562.131866
562.131867
562.131868
562.131869
562.131870
562.131871
562.131872
562.131873
562.131874
562.131876
562.131877
562.131878
562.131879
562.131880
562.131881
562.131884
562.131885
562.131886
562.131887
562.131888
562.131889
562.131890
562.131891
562.131892
562.131893
562.131894
562.131895
562.131896
562.131922
562.131923
562.131926
562.131927
562.131928
562.131929
562.131930
562.131931
562.131935
562.131936
562.131937
562.131938
562.131939
562.131940
562.131941
562.131943
562.131945
562.131949
562.132096
562.132097
562.132102
562.132103
562.132104
562.132105
562.132106
562.132109
562.132110
562.132111
562.132112
562.132114
562.132115
562.132116
562.132117
562.132118
562.132119
562.132123
562.132138
562.132162
562.133186
562.133187
562.133188
562.133200
562.133240
562.133241
562.133242
562.133243
562.133244
562.133245
562.133246
562.133247
562.133248
562.133249
562.133250
562.133251
562.133252
562.133253
562.133254
562.133255
562.133256
562.133257
562.133258
562.133259
562.133260
562.133261
562.133262
562.133263
562.133267
562.133268
562.133299
562.133300
562.133301
562.133302
562.133303
562.133326
562.133327
562.133359
562.133360
562.133361
562.133363
562.133371
562.133372
562.133373
562.133392
562.133973
562.133974
562.133975
562.133976
562.133977
562.133978
562.133979
562.133980
562.133981
562.133982
562.133983
562.133984
562.133985
562.133986
562.133987
562.133988
562.133989
562.133990
562.133991
562.133992
562.133993
562.133994
562.134028
562.134029
562.134060
562.134061
562.134063
562.134064
562.134065
562.134066
562.134067
562.134068
562.134069
562.134124
562.134125
562.134126
562.134127
562.134128
562.134129
562.134130
562.134131
562.134132
562.134133
562.134134
562.134135
562.134136
562.134137
562.134138
562.134139
562.134140
562.134141
562.134142
562.134143
562.134238
562.134239
562.134240
562.134241
562.134242
562.134243
562.134244
562.134245
562.134253
562.134412
562.134414
562.134415
562.134416
562.134429
562.134942
562.134944
562.134945
562.134946
562.134947
562.134958
562.134959
562.134960
562.135087
562.135095
562.135136
562.135137
562.135138
562.135139
562.135140
562.135141
562.135142
562.135143
562.135144
562.135176
562.135177
562.135178
562.135185
562.135186
562.135187
562.135188
562.135202
562.135203
562.135204
562.135205
562.135206
562.135207
562.135208
562.135209
562.135210
562.135211
562.135213
562.135215
562.135216
562.135217
562.135218
562.135219
562.135220
562.135221
562.135233
562.135436
562.135437
562.135438
562.13544
562.13545
562.13546
562.13547
562.13548
562.13549
562.13550
562.13551
562.13552
562.13553
562.13554
562.13555
562.13556
562.13557
562.13558
562.13559
562.136237
562.136241
562.136242
562.136243
562.136244
562.136245
562.136301
562.136302
562.136303
562.136304
562.136305
562.136306
562.136307
562.136312
562.136350
562.136351
562.136352
562.136353
562.136354
562.136355
562.136356
562.136357
562.136358
562.136359
562.136361
562.136362
562.136363
562.136364
562.136365
562.136366
562.136367
562.136368
562.136369
562.136370
562.136371
562.136372
562.136373
562.136374
562.136375
562.136376
562.136377
562.136378
562.136379
562.136383
562.13736
562.13737
562.13738
562.13739
562.13740
562.13741
562.13742
562.13743
562.13744
562.13745
562.13746
562.13747
562.13748
562.13749
562.13750
562.13751
562.13752
562.13753
562.13754
562.13755
562.13756
562.13757
562.13758
562.13759
562.13760
562.13761
562.13762
562.13763
562.13764
562.13765
562.13767
562.13768
562.13769
562.13770
562.13771
562.13772
562.13773
562.13774
562.13775
562.13776
562.13777
562.13778
562.13779
562.13780
562.13781
562.13782
562.13783
562.13784
562.13785
562.13792
562.138531
562.138532
562.138533
562.138534
562.138535
562.138536
562.138537
562.138540
562.138541
562.138542
562.138543
562.138544
562.138545
562.138546
562.138547
562.138548
562.138549
562.138550
562.138551
562.138552
562.138553
562.138554
562.138555
562.138556
562.138557
562.138558
562.138559
562.138574
562.138575
562.138578
562.138579
562.138580
562.138591
562.138592
562.138593
562.138594
562.138595
562.138596
562.138597
562.138598
562.138599
562.138600
562.138731
562.138732
562.138733
562.138734
562.138735
562.138813
562.138814
562.138815
562.138818
562.138840
562.138877
562.138897
562.138898
562.138899
562.138900
562.138901
562.138902
562.138903
562.138904
562.138905
562.138907
562.139239
562.139240
562.139244
562.139246
562.139247
562.139289
562.139315
562.139316
562.139317
562.139318
562.139319
562.139320
562.139357
562.139358
562.139359
562.139360
562.139361
562.139362
562.139560
562.139569
562.13958
562.13959
562.13960
562.13961
562.13962
562.13963
562.13964
562.13965
562.139653
562.13966
562.139672
562.139673
562.139674
562.139675
562.139676
562.139677
562.139678
562.13968
562.139874
562.139875
562.139901
562.139913
562.139914
562.139915
562.139916
562.139917
562.139918
562.139919
562.139920
562.139921
562.139922
562.139923
562.139924
562.139925
562.139926
562.139927
562.139928
562.139929
562.139930
562.139931
562.139932
562.139933
562.139934
562.139935
562.139936
562.139937
562.139938
562.139939
562.139940
562.139941
562.139942
562.139943
562.139944
562.139945
562.139946
562.139947
562.139948
562.139949
562.139950
562.139951
562.139952
562.139953
562.139954
562.139955
562.139956
562.139957
562.139958
562.139959
562.139960
562.139961
562.139962
562.139963
562.139964
562.139965
562.139966
562.139967
562.139968
562.139969
562.139970
562.139971
562.139972
562.139973
562.139974
562.139975
562.139976
562.139977
562.139978
562.139979
562.139982
562.139983
562.139984
562.139985
562.139986
562.139987
562.139988
562.139989
562.140023
562.140035
562.14013
562.14016
562.14017
562.140269
562.140317
562.140318
562.146274
562.146277
562.146278
562.146281
562.146283
562.146285
562.146286
562.146287
562.146301
562.146331
562.146332
562.146339
562.146340
562.146342
562.146350
562.146355
562.146503
562.146511
562.146651
562.146696
562.146700
562.146701
562.146702
562.146706
562.146707
562.146708
562.146709
562.146710
562.146711
562.146714
562.146736
562.146772
562.146797
562.146830
562.146833
562.147769
562.147770
562.147821
562.147822
562.147823
562.147824
562.147825
562.147826
562.147827
562.147828
562.147829
562.147831
562.147832
562.147835
562.147836
562.147837
562.147838
562.147839
562.147840
562.147841
562.147843
562.147902
562.147936
562.147937
562.147938
562.147939
562.147940
562.147941
562.147942
562.147943
562.147944
562.147945
562.147960
562.147961
562.147966
562.147974
562.147975
562.147976
562.147977
562.147978
562.147979
562.147980
562.147981
562.147982
562.147983
562.147984
562.147985
562.147986
562.147987
562.147988
562.147989
562.147990
562.147991
562.148025
562.148027
562.148028
562.148029
562.148030
562.148031
562.148032
562.148033
562.148034
562.148035
562.148036
562.148038
562.148039
562.148040
562.148041
562.148042
562.148043
562.148045
562.148047
562.148048
562.148049
562.148050
562.148051
562.148052
562.148053
562.148054
562.148055
562.148056
562.148057
562.148058
562.148059
562.148064
562.148072
562.148110
562.148111
562.148112
562.148113
562.148114
562.148115
562.148116
562.148117
562.148119
562.148158
562.148159
562.148161
562.148162
562.148163
562.148263
562.148264
562.148265
562.148266
562.148267
562.148269
562.148270
562.148271
562.149267
562.149268
562.149269
562.149270
562.149271
562.149272
562.149273
562.149274
562.149275
562.149276
562.149277
562.149278
562.149279
562.149280
562.149281
562.149282
562.149283
562.149284
562.149285
562.149296
562.149297
562.149332
562.149415
562.149748
562.149749
562.149750
562.149751
562.149752
562.149790
562.149791
562.149801
562.149806
562.149822
562.149905
562.149918
562.149919
562.149926
562.149928
562.149929
562.149930
562.149933
562.149940
562.149948
562.149950
562.149955
562.149961
562.149962
562.149964
562.149965
562.149969
562.149971
562.149973
562.149977
562.149979
562.149981
562.149984
562.149985
562.149988
562.149989
562.149990
562.149991
562.149992
562.149995
562.149996
562.149997
562.149999
562.150002
562.150003
562.150004
562.150007
562.150008
562.150010
562.150012
562.15111
562.15135
562.15191
562.15192
562.15193
562.15194
562.15195
562.15196
562.15197
562.15198
562.15199
562.15200
562.15201
562.15202
562.15203
562.15204
562.15205
562.15206
562.15208
562.15209
562.15210
562.152567
562.152568
562.152569
562.152641
562.152650
562.152651
562.152652
562.152653
562.152654
562.152655
562.152656
562.152657
562.152658
562.152659
562.152660
562.152661
562.152662
562.152663
562.152664
562.152665
562.152666
562.152667
562.152668
562.152669
562.152670
562.152671
562.152672
562.152697
562.152768
562.152938
562.152939
562.152965
562.152966
562.152967
562.152968
562.156806
562.156807
562.156808
562.156809
562.156810
562.156811
562.156812
562.156813
562.156814
562.156815
562.156816
562.156817
562.156818
562.156819
562.156820
562.156821
562.156822
562.156823
562.156824
562.156825
562.156826
562.156827
562.156828
562.156829
562.156888
562.157014
562.157015
562.157016
562.157018
562.157020
562.157022
562.157028
562.157029
562.157030
562.157032
562.157033
562.157034
562.157045
562.157127
562.157128
562.157162
562.157281
562.157282
562.157300
562.157301
562.157302
562.157303
562.157304
562.157315
562.157331
562.157332
562.157381
562.157459
562.157460
562.157518
562.157519
562.157534
562.157565
562.157566
562.157567
562.157568
562.157569
562.157570
562.157571
562.157572
562.157573
562.157579
562.157580
562.157605
562.157606
562.157607
562.157608
562.157609
562.157610
562.157688
562.157697
562.157743
562.157744
562.157745
562.157746
562.157747
562.157748
562.157749
562.157750
562.157751
562.157752
562.157771
562.157772
562.157785
562.157786
562.157787
562.157788
562.157789
562.157790
562.157791
562.157792
562.157793
562.157794
562.157795
562.157796
562.157797
562.157798
562.157799
562.157800
562.157801
562.157802
562.157803
562.157804
562.157805
562.157806
562.157807
562.157808
562.157809
562.157810
562.157811
562.157812
562.157813
562.157814
562.157815
562.157816
562.157817
562.157818
562.157828
562.157829
562.157830
562.157831
562.157927
562.157934
562.157935
562.158023
562.158034
562.158106
562.158108
562.158118
562.158119
562.158120
562.158121
562.158122
562.158123
562.158124
562.158125
562.158126
562.158127
562.158128
562.158129
562.158130
562.158131
562.158132
562.158133
562.158134
562.158139
562.158140
562.158141
562.158142
562.158143
562.158144
562.158174
562.158175
562.158176
562.158177
562.158178
562.158179
562.158180
562.158181
562.158182
562.158183
562.158184
562.158185
562.158186
562.158191
562.158231
562.158232
562.158233
562.158234
562.158237
562.158238
562.158239
562.158241
562.158247
562.158248
562.158272
562.158378
562.158392
562.158393
562.158672
562.158675
562.158676
562.158677
562.158693
562.158694
562.158710
562.158711
562.158712
562.158717
562.158718
562.158719
562.158720
562.158721
562.158722
562.158723
562.158724
562.158725
562.158726
562.158727
562.158728
562.158729
562.158730
562.158731
562.158732
562.160160
562.160161
562.160162
562.160163
562.160164
562.160165
562.160166
562.160167
562.160168
562.160169
562.160170
562.160171
562.160172
562.160173
562.160174
562.160175
562.160176
562.160177
562.160178
562.160179
562.160180
562.160181
562.160182
562.160183
562.160184
562.160200
562.160201
562.160205
562.160336
562.160337
562.160338
562.160339
562.160386
562.160398
562.160406
562.160410
562.160411
562.160414
562.160415
562.160416
562.160417
562.160418
562.160419
562.160420
562.160421
562.160422
562.160423
562.160424
562.160425
562.160426
562.160427
562.160428
562.160429
562.160430
562.160431
562.160432
562.160433
562.160434
562.160435
562.160436
562.160437
562.160438
562.160439
562.160440
562.160441
562.160442
562.160443
562.160444
562.160445
562.160446
562.160447
562.160448
562.160449
562.160522
562.160557
562.160558
562.160559
562.160560
562.160561
562.160562
562.160563
562.160564
562.160565
562.160566
562.160571
562.160572
562.160573
562.160574
562.160575
562.160576
562.160577
562.160578
562.160579
562.160580
562.160581
562.160582
562.160583
562.160584
562.160585
562.160586
562.160587
562.160588
562.160589
562.160590
562.160591
562.160592
562.160593
562.160594
562.160595
562.160596
562.160597
562.160598
562.160599
562.160600
562.160601
562.160608
562.160975
562.160976
562.160977
562.160978
562.160979
562.160980
562.160981
562.160982
562.160983
562.160984
562.160985
562.160986
562.160987
562.160988
562.160989
562.160990
562.161160
562.161161
562.161187
562.161188
562.161291
562.161305
562.161306
562.161307
562.161308
562.161309
562.161310
562.161311
562.161312
562.161313
562.161314
562.161315
562.161316
562.161317
562.161318
562.161319
562.161320
562.161321
562.161336
562.161521
562.161522
562.161523
562.161705
562.161752
562.161753
562.161754
562.161755
562.161756
562.161765
562.161791
562.161792
562.161793
562.161794
562.161795
562.161796
562.161797
562.161798
562.161799
562.161800
562.161801
562.161802
562.161803
562.161804
562.161805
562.161806
562.161807
562.161937
562.162027
562.162030
562.162031
562.162032
562.162033
562.162034
562.162035
562.162036
562.162090
562.162091
562.162092
562.162093
562.162098
562.162100
562.162317
562.162318
562.162319
562.162320
562.162321
562.162322
562.16323
562.16324
562.16325
562.16326
562.16327
562.16328
562.16329
562.16330
562.16340
562.16341
562.16372
562.16414
562.16426
562.164263
562.16427
562.16428
562.164287
562.164385
562.164386
562.164387
562.164509
562.164510
562.164511
562.16465
562.16466
562.164660
562.16467
562.164676
562.164681
562.164682
562.164683
562.164684
562.164685
562.164686
562.164687
562.164688
562.164691
562.164692
562.164693
562.164694
562.164695
562.164696
562.164697
562.164744
562.164745
562.164746
562.164747
562.164748
562.164749
562.164750
562.164751
562.164752
562.164753
562.164754
562.164755
562.164756
562.164757
562.164758
562.164759
562.164760
562.164761
562.164762
562.164763
562.164764
562.164765
562.164766
562.164767
562.164768
562.164769
562.164770
562.164771
562.164772
562.164773
562.164774
562.164862
562.164863
562.164864
562.164865
562.164866
562.164867
562.164868
562.164869
562.164870
562.164871
562.164872
562.164873
562.16499
562.165015
562.165077
562.165165
562.165168
562.165169
562.165170
562.17274
562.17357
562.17358
562.17359
562.17366
562.17367
562.17368
562.17369
562.17620
562.17621
562.17622
562.17710
562.17711
562.17721
562.17722
562.17727
562.17734
562.17735
562.17736
562.17737
562.17738
562.18998
562.19087
562.19131
562.19158
562.19192
562.19193
562.19202
562.19203
562.19204
562.19205
562.19206
562.19207
562.19208
562.19209
562.19210
562.19211
562.19320
562.19574
562.19575
562.19631
562.19632
562.19633
562.19635
562.19636
562.19821
562.19823
562.20499
562.20504
562.20505
562.20506
562.20516
562.20517
562.22302
562.22306
562.22307
562.22323
562.22326
562.22329
562.22330
562.22331
562.22332
562.22333
562.22334
562.22335
562.22349
562.22350
562.22351
562.22352
562.22353
562.22354
562.25350
562.25385
562.25386
562.25422
562.28149
562.28152
562.28183
562.28191
562.28198
562.28199
562.28200
562.28201
562.28203
562.28208
562.28209
562.28281
562.28306
562.28307
562.28386
562.28387
562.28388
562.28389
562.28391
562.28392
562.28393
562.28394
562.28395
562.28396
562.28397
562.28398
562.28399
562.28400
562.28401
562.28402
562.28403
562.28404
562.28405
562.28406
562.28407
562.28408
562.28409
562.28410
562.28411
562.28412
562.28413
562.28414
562.28425
562.28434
562.28435
562.28563
562.28679
562.28692
562.28693
562.28695
562.28696
562.28697
562.28698
562.28699
562.28700
562.28702
562.28705
562.28706
562.28708
562.28710
562.28711
562.28713
562.28716
562.28721
562.28723
562.28729
562.28731
562.28736
562.28744
562.28745
562.28805
562.28978
562.28990
562.28991
562.28992
562.29006
562.29007
562.29008
562.29015
562.29016
562.29017
562.29018
562.29027
562.29028
562.29032
562.29033
562.29034
562.29035
562.29036
562.29037
562.29038
562.29088
562.29089
562.29090
562.29092
562.29093
562.29094
562.29095
562.29096
562.29097
562.29098
562.29099
562.29100
562.29101
562.29103
562.29104
562.29105
562.29106
562.29107
562.29108
562.29109
562.29110
562.29111
562.29112
562.29113
562.29114
562.29115
562.29117
562.29118
562.29119
562.29120
562.29121
562.29122
562.29123
562.29124
562.29125
562.29126
562.29127
562.29128
562.29129
562.29130
562.29131
562.29132
562.29133
562.29134
562.29135
562.29136
562.29137
562.29138
562.29139
562.29140
562.29156
562.30155
562.30248
562.30339
562.30340
562.30341
562.30342
562.30348
562.30349
562.30350
562.30361
562.30362
562.30363
562.30373
562.30390
562.30427
562.30430
562.30432
562.30433
562.30434
562.30435
562.30436
562.30447
562.30991
562.30992
562.30994
562.31000
562.31029
562.31030
562.31031
562.33282
562.33376
562.33452
562.33453
562.33455
562.33462
562.33463
562.33464
562.33465
562.33466
562.33716
562.33717
562.33779
562.33780
562.33783
562.33984
562.33989
562.33990
562.34017
562.34084
562.34085
562.34086
562.34087
562.34088
562.34089
562.36160
562.36203
562.36204
562.36205
562.36206
562.36249
562.36250
562.36255
562.36256
562.36257
562.36895
562.37091
562.37092
562.38629
562.38630
562.38631
562.38632
562.38633
562.38634
562.38635
562.39112
562.39113
562.39125
562.39126
562.39127
562.39128
562.39129
562.39130
562.39131
562.39132
562.39133
562.39134
562.39135
562.39136
562.39137
562.39138
562.39139
562.39140
562.39141
562.39164
562.39409
562.39410
562.39411
562.39412
562.39413
562.39414
562.39439
562.39440
562.39441
562.39442
562.39443
562.39444
562.39445
562.39446
562.39447
562.39448
562.39449
562.39451
562.39453
562.39506
562.39507
562.39508
562.39509
562.39510
562.39511
562.39512
562.39513
562.39514
562.39515
562.39516
562.39517
562.39518
562.39519
562.39520
562.39521
562.39522
562.39523
562.39524
562.39525
562.39526
562.39527
562.39528
562.39529
562.39530
562.39531
562.39532
562.39533
562.39534
562.39536
562.39537
562.39538
562.39539
562.39540
562.39541
562.39543
562.39544
562.39545
562.39546
562.39547
562.45330
562.45389
562.45394
562.45395
562.45396
562.45397
562.45398
562.45399
562.45400
562.45401
562.45403
562.45404
562.45429
562.45430
562.45431
562.45432
562.45433
562.45434
562.45436
562.45437
562.45438
562.45584
562.45678
562.45679
562.45680
562.45686
562.45699
562.45704
562.45705
562.45706
562.45707
562.45708
562.45709
562.45710
562.45839
562.45845
562.45973
562.46069
562.46071
562.46179
562.46196
562.46197
562.46198
562.46199
562.46200
562.46710
562.46711
562.46712
562.46713
562.46714
562.46715
562.46716
562.46717
562.46718
562.46719
562.46720
562.46721
562.46722
562.46723
562.46724
562.46725
562.46726
562.46727
562.46728
562.46729
562.46730
562.46731
562.46732
562.46733
562.46734
562.46735
562.46736
562.46737
562.46738
562.46739
562.46740
562.46741
562.46742
562.46743
562.46744
562.46745
562.46746
562.46747
562.46748
562.46749
562.46750
562.47690
562.47708
562.47714
562.47719
562.47720
562.47721
562.47724
562.48215
562.48216
562.48217
562.48218
562.48219
562.48220
562.48221
562.48222
562.48223
562.48225
562.48226
562.48227
562.48248
562.48249
562.48250
562.48251
562.48252
562.48255
562.48261
562.48262
562.50211
562.50212
562.50213
562.50214
562.50215
562.50216
562.50217
562.50218
562.50219
562.50220
562.50221
562.50407
562.50417
562.50419
562.50492
562.50493
562.50497
562.50498
562.50505
562.50508
562.50509
562.50510
562.50511
562.50512
562.50513
562.50514
562.50515
562.50516
562.50517
562.50518
562.50519
562.50520
562.50521
562.50522
562.50523
562.50524
562.50548
562.50567
562.50568
562.50569
562.50621
562.50632
562.50640
562.50641
562.50716
562.50717
562.50719
562.50775
562.50776
562.50781
562.50782
562.50783
562.50784
562.50785
562.50786
562.50795
562.50817
562.50847
562.50948
562.50949
562.50950
562.50951
562.50952
562.50974
562.51001
562.51002
562.51558
562.51559
562.51560
562.51561
562.51562
562.51572
562.51573
562.51574
562.51575
562.51577
562.51578
562.51580
562.51581
562.51582
562.51583
562.51584
562.51585
562.51586
562.51587
562.51594
562.51596
562.51597
562.51598
562.51599
562.51600
562.51602
562.52507
562.52536
562.52632
562.52633
562.52634
562.52635
562.52636
562.52637
562.52638
562.52639
562.52645
562.52661
562.52708
562.52722
562.52730
562.52731
562.52732
562.52733
562.52734
562.53932
562.53933
562.53934
562.53935
562.53936
562.53977
562.53978
562.53991
562.53992
562.54010
562.54031
562.54032
562.54033
562.54034
562.54035
562.54938
562.54939
562.54940
562.54941
562.54942
562.54943
562.55115
562.55127
562.55128
562.55129
562.55130
562.55131
562.55132
562.55133
562.55134
562.55235
562.55236
562.55237
562.55256
562.55257
562.55258
562.55292
562.55296
562.55805
562.55814
562.55818
562.5740
562.5741
562.5742
562.5744
562.5745
562.5746
562.58113
562.58132
562.58133
562.58140
562.58141
562.58142
562.58143
562.58144
562.58145
562.58146
562.58147
562.58148
562.58149
562.58150
562.58158
562.58213
562.58214
562.58215
562.58216
562.58217
562.58218
562.58277
562.58365
562.58366
562.58367
562.58368
562.58369
562.58370
562.58371
562.58372
562.58373
562.58374
562.58375
562.58376
562.58377
562.58378
562.58441
562.58442
562.58443
562.58444
562.58449
562.58450
562.58451
562.58452
562.58453
562.58454
562.58455
562.58457
562.58458
562.58459
562.58460
562.58506
562.59066
562.59067
562.59068
562.59069
562.59070
562.59071
562.59091
562.59139
562.59140
562.59162
562.59170
562.59215
562.59216
562.59441
562.59451
562.59453
562.60261
562.60262
562.60263
562.60264
562.60265
562.60266
562.60267
562.60268
562.60269
562.60270
562.60271
562.60272
562.60273
562.60274
562.60275
562.60277
562.60278
562.60279
562.60280
562.60286
562.60287
562.60288
562.60289
562.60320
562.60433
562.60434
562.60435
562.60436
562.60437
562.60438
562.60443
562.60446
562.60459
562.60460
562.60461
562.60462
562.60463
562.60464
562.60465
562.60466
562.60467
562.60468
562.60612
562.60613
562.60614
562.60615
562.60616
562.60622
562.60623
562.60624
562.61462
562.61464
562.61465
562.61473
562.61474
562.61475
562.61476
562.61481
562.61487
562.61488
562.61489
562.61490
562.61491
562.61492
562.61493
562.61494
562.61495
562.61496
562.61497
562.61498
562.61499
562.61501
562.61513
562.61514
562.61515
562.61516
562.61517
562.61518
562.61571
562.61573
562.61584
562.61593
562.61594
562.61595
562.61628
562.61702
562.61703
562.61704
562.61705
562.61706
562.61707
562.61708
562.61709
562.61710
562.61711
562.61724
562.61725
562.62716
562.62718
562.62727
562.62728
562.62729
562.62737
562.62762
562.62763
562.62803
562.62804
562.62967
562.63038
562.63039
562.63040
562.63041
562.63042
562.63048
562.63049
562.63050
562.63083
562.63084
562.63085
562.63086
562.63087
562.63088
562.63089
562.63090
562.63092
562.63093
562.63094
562.63095
562.63096
562.63097
562.63739
562.63742
562.63781
562.63782
562.63784
562.63785
562.63790
562.63818
562.63819
562.63820
562.63852
562.63854
562.63855
562.63856
562.63857
562.63858
562.63859
562.63860
562.63862
562.63863
562.63864
562.63869
562.63871
562.63872
562.63873
562.63874
562.63875
562.63876
562.63879
562.63880
562.63882
562.63883
562.63888
562.63896
562.63897
562.64237
562.64238
562.64246
562.64247
562.64249
562.64258
562.64259
562.64260
562.66551
562.66552
562.66553
562.66554
562.66555
562.66599
562.66600
562.66742
562.66743
562.66849
562.66850
562.66851
562.66852
562.66854
562.66855
562.66856
562.66857
562.66873
562.66874
562.66875
562.66883
562.66884
562.66885
562.66917
562.67018
562.67019
562.67020
562.67021
562.67022
562.67023
562.67024
562.67025
562.67026
562.67027
562.67028
562.67029
562.67171
562.67172
562.67248
562.67257
562.67260
562.67261
562.67262
562.67263
562.67264
562.67265
562.67266
562.67267
562.67409
562.67419
562.67420
562.67508
562.67509
562.67510
562.67511
562.67512
562.67513
562.67514
562.67515
562.67516
562.67517
562.67518
562.67697
562.67698
562.67699
562.67700
562.67704
562.67791
562.67792
562.67793
562.67794
562.67795
562.67796
562.67797
562.67830
562.67832
562.67833
562.67834
562.67836
562.67837
562.67839
562.67840
562.67843
562.67844
562.67845
562.67846
562.67847
562.67848
562.67849
562.67851
562.68394
562.68395
562.68397
562.68399
562.68602
562.68605
562.68638
562.68639
562.68640
562.68641
562.68642
562.68643
562.68711
562.68712
562.68713
562.68765
562.68766
562.69512
562.6958
562.6959
562.6960
562.6961
562.6962
562.6963
562.69647
562.69650
562.69682
562.69689
562.69717
562.70075
562.70076
562.70077
562.70400
562.70447
562.70448
562.70480
562.70502
562.70503
562.70504
562.70505
562.70506
562.70507
562.70508
562.70509
562.70510
562.70511
562.70512
562.70513
562.70514
562.70515
562.70516
562.70517
562.70518
562.70519
562.70520
562.70521
562.70522
562.70523
562.70524
562.70525
562.70526
562.70527
562.70528
562.70529
562.70530
562.70531
562.70532
562.70533
562.70534
562.70535
562.70536
562.70596
562.70597
562.70598
562.70600
562.70601
562.70602
562.70603
562.70615
562.70616
562.7071
562.70715
562.70725
562.70726
562.70727
562.70728
562.70729
562.70730
562.70731
562.70732
562.70733
562.70734
562.70735
562.70736
562.70737
562.70738
562.70739
562.70740
562.70741
562.70742
562.70743
562.70744
562.70745
562.70746
562.70747
562.70749
562.70750
562.70754
562.70755
562.70756
562.70757
562.70758
562.70759
562.70760
562.70761
562.70762
562.70763
562.70764
562.70765
562.70766
562.70767
562.70768
562.70769
562.70770
562.70771
562.70772
562.70773
562.70774
562.70775
562.70776
562.70777
562.70778
562.70779
562.70780
562.70781
562.70782
562.70783
562.70784
562.70785
562.70786
562.71743
562.71744
562.71815
562.71836
562.71837
562.71838
562.71839
562.71840
562.71996
562.71998
562.7214
562.72252
562.72254
562.7228
562.72297
562.72302
562.72316
562.72317
562.72318
562.72329
562.72330
562.72331
562.72332
562.72333
562.72349
562.7235
562.72354
562.7244
562.7245
562.7246
562.7247
562.7248
562.7249
562.7257
562.7299
562.7300
562.73338
562.7386
562.7387
562.7388
562.74540
562.74541
562.74542
562.74543
562.74545
562.74546
562.74547
562.74548
562.74549
562.74550
562.74551
562.74552
562.74553
562.74554
562.74555
562.74556
562.74561
562.74604
562.74650
562.74672
562.74678
562.74679
562.74691
562.74692
562.74693
562.74729
562.74744
562.74745
562.74746
562.74747
562.74748
562.74755
562.75617
562.75628
562.75629
562.75630
562.75631
562.7564
562.75642
562.75643
562.75644
562.75645
562.75646
562.75649
562.75650
562.75651
562.75652
562.75653
562.75654
562.75676
562.75680
562.75681
562.75682
562.75683
562.75685
562.75686
562.75689
562.75732
562.75739
562.75744
562.75745
562.75746
562.7585
562.7586
562.7587
562.75875
562.7588
562.75941
562.76274
562.76356
562.76357
562.76358
562.76359
562.76360
562.76397
562.76453
562.76454
562.76455
562.76456
562.76457
562.76458
562.76459
562.76460
562.76461
562.76462
562.76463
562.76464
562.76465
562.76466
562.76467
562.76468
562.76469
562.76470
562.76473
562.76474
562.76475
562.76476
562.76477
562.76478
562.76479
562.76480
562.77122
562.77176
562.77177
562.77242
562.77292
562.77317
562.77318
562.77319
562.77320
562.77321
562.77322
562.77323
562.77324
562.77325
562.77326
562.77327
562.77328
562.77329
562.77330
562.77331
562.77332
562.77333
562.77334
562.77335
562.77336
562.77337
562.77338
562.77339
562.77340
562.77341
562.77342
562.77343
562.77344
562.77345
562.77346
562.77347
562.77348
562.77492
562.77493
562.77494
562.77530
562.77531
562.77532
562.77533
562.77534
562.77535
562.77536
562.77537
562.77538
562.77542
562.77543
562.77544
562.77548
562.77551
562.77978
562.77979
562.78000
562.78001
562.78002
562.78003
562.78005
562.78015
562.78016
562.78017
562.78018
562.78019
562.78020
562.78021
562.78022
562.78023
562.78024
562.78025
562.78026
562.78027
562.78028
562.78036
562.78037
562.78039
562.78042
562.78057
562.78059
562.78060
562.78061
562.7808
562.7809
562.78132
562.78133
562.78134
562.78279
562.78282
562.78283
562.78284
562.78285
562.78286
562.78287
562.78336
562.78338
562.7845
562.78950
562.79032
562.79033
562.79034
562.79113
562.79114
562.79115
562.79122
562.79123
562.79124
562.79192
562.79193
562.79194
562.79195
562.79196
562.79197
562.79198
562.79199
562.79200
562.79201
562.79202
562.79203
562.79204
562.79205
562.79206
562.79207
562.79208
562.79209
562.79210
562.79211
562.79213
562.79214
562.79224
562.79227
562.79228
562.79229
562.79248
562.79348
562.79349
562.79350
562.79351
562.79352
562.79353
562.79354
562.79355
562.7943
562.7955
562.7956
562.79629
562.80700
562.80701
562.80771
562.80783
562.80855
562.80857
562.80910
562.80911
562.80912
562.80913
562.80914
562.80915
562.80916
562.80918
562.80921
562.80922
562.80923
562.80924
562.80925
562.81017
562.81018
562.81165
562.8472
562.8473
562.8489
562.8507
562.8516
562.8517
562.8518
562.8522
562.8526
562.86574
562.86575
562.86576
562.86688
562.86690
562.86691
562.86692
562.86693
562.86694
562.86695
562.86732
562.86740
562.86741
562.86743
562.86744
562.86745
562.86746
562.86747
562.86748
562.86749
562.86750
562.86751
562.86752
562.86768
562.86772
562.86782
562.86845
562.86846
562.88776
562.88798
562.88799
562.88800
562.88831
562.88918
562.89858
562.89908
562.89910
562.89911
562.89932
562.89933
562.89934
562.89935
562.89955
562.89969
562.89972
562.89973
562.89974
562.89975
562.89976
562.89978
562.89979
562.89984
562.9018
562.9021
562.9022
562.9030
562.90908
562.90909
562.9095
562.9096
562.9097
562.9098
562.9099
562.91062
562.91598
562.91711
562.91930
562.91935
562.91936
562.92061
562.92062
562.9316
562.93985
562.93986
562.94069
562.94070
562.94071
562.94073
562.94075
562.94076
562.94077
562.94078
562.94117
562.94118
562.94119
562.94146
562.94147
562.94148
562.94151
562.94155
562.94156
562.94157
562.94158
562.94159
562.94160
562.94161
562.94162
562.94163
562.94164
562.94165
562.94166
562.94167
562.94168
562.94170
562.94171
562.94172
562.94173
562.94174
562.94175
562.94176
562.94177
562.94178
562.94189
562.94190
562.94308
562.94309
562.94310
562.94311
562.94312
562.94314
562.94315
562.94316
562.94317
562.94407
562.94408
562.94410
562.94411
562.94412
562.96014
562.96015
562.96017
562.96018
562.96019
562.96020
562.96021
562.96022
562.96023
562.96024
562.96025
562.96026
562.96027
562.96028
562.96029
562.96030
562.96031
562.96032
562.96033
562.96034
562.96035
562.96036
562.96037
562.96038
562.96039
562.96040
562.96041
562.96042
562.96044
562.96045
562.96053
562.96054
562.96055
562.96072
562.96073
562.96077
562.96085
562.96089
562.96090
562.96092
562.96093
562.96094
562.96095
562.96228
562.96230
562.96233
562.96234
562.96235
562.96236
562.96237
562.96238
562.96239
562.96240
562.96241
562.96242
562.96243
562.96244
562.96285
562.96286
562.96287
562.96288
562.96289
562.96290
562.96291
562.96292
562.96293
562.96294
562.96295
562.96296
562.96297
562.96298
562.96299
562.96300
562.96301
562.96302
562.96303
562.96304
562.96305
562.96306
562.96307
562.96308
562.96309
562.96310
562.96311
562.96312
562.96313
562.96314
562.96315
562.96316
562.96317
562.96318
562.96319
562.96320
562.96321
562.96322
562.96323
562.96324
562.96325
562.96326
562.96327
562.96328
562.96329
562.96330
562.96331
562.96332
562.96333
562.96334
562.96335
562.96336
562.96337
562.96338
562.96339
562.96340
562.96341
562.96342
562.96345
562.96346
562.96351
562.96359
562.96360
562.96361
562.96362
562.96363
562.9857
564.100
564.101
564.102
564.103
564.105
564.106
564.107
564.108
564.110
564.111
564.112
564.113
564.114
564.116
564.117
564.118
564.119
564.121
564.122
564.123
564.124
564.125
564.138
564.139
564.14
564.140
564.141
564.142
564.143
564.158
564.167
564.178
564.179
564.180
564.206
564.207
564.291
564.388
564.400
564.403
564.44
564.447
564.448
564.449
564.45
564.450
564.451
564.453
564.455
564.46
564.468
564.478
564.479
564.480
564.481
564.482
564.483
564.484
564.485
564.486
564.556
564.78
564.87
564.88
564.90
564.91
564.92
564.93
564.95
564.96
564.97
564.98
564.99
566546.30
566546.4
569579.3
571.309
571.310
571.311
571.853
571.854
571.855
571.856
571.857
571.858
571.867
571.868
573.17821
573.17822
573.17904
573.18089
573.23267
573.25927
573.26069
573.26070
573.29092
573.32311
573.32312
573.32313
573.32314
573.32315
573.32316
573.32318
573.32319
573.32320
573.32321
573.32322
573.32323
573.32324
573.32325
573.32326
573.32327
573.32328
573.32329
573.32330
573.32332
573.32335
573.32336
573.32337
573.32338
573.32340
573.32398
573.32416
573.32417
573.32500
573.32502
573.32503
573.32504
573.32505
573.33823
573.36092
573.36093
573.36096
573.36097
573.37192
573.50568
573.50569
573235.3
574521.51
574521.7
577675.3
585034.5
585035.6
585054.5
585055.56
585055.8
585056.7
585057.6
585395.4
585396.4
585397.9
591946.4
591946.44
59201.2756
59201.2757
59201.2758
59201.2759
593905.28
595495.17
595495.5
595496.3
611.421
611.422
611.558
61645.329
61645.331
61645.338
623.1100
623.1101
623.1102
624.1860
624.1861
630626.3
634468.5
655817.3
679895.112
679895.113
679895.114
679895.18
685038.3
696406.3
701177.3
70346.7
714962.3
741093.3
745156.3
753642.14
758831.4
83333.103
83333.104
83333.105
83333.106
83333.107
83333.108
83333.1080
83333.109
83333.110
83333.113
83333.117
83333.118
83333.1297
83333.1916
83333.1939
83333.1940
83333.1941
83333.1942
83333.1943
83333.1944
83333.442
83333.84
83334.178
83334.190
83334.191
83334.192
83334.194
83334.197
83334.198
83334.199
83334.200
83334.201
83334.202
83334.203
83334.221
83334.250
83334.284
83334.290
83334.292
83334.293
83334.294
83334.296
83334.297
83334.298
83334.299
83334.320
83334.336
83334.337
83334.338
83334.339
83334.340
83334.341
83334.342
83334.343
83334.344
83334.345
83334.346
83334.347
83334.348
83334.349
83334.350
83334.351
83334.352
83334.353
83334.354
83334.355
83334.356
83334.357
83334.358
83334.359
83334.360
83334.361
83334.362
83334.363
83334.364
83334.365
83334.366
83334.367
83334.368
83334.369
83334.370
83334.371
83334.372
83334.373
83334.374
83334.375
83334.376
83334.377
83334.378
83334.379
83334.380
83334.381
83334.382
83334.383
83334.384
83334.385
83334.389
83334.390
83334.391
83334.408
83334.410
83334.411
83334.412
83334.468
83334.469
83334.470
83334.471
83334.473
83334.474
83334.475
83334.476
83334.477
83334.478
83334.479
83334.480
83334.481
83334.482
83334.483
83334.484
83334.485
83334.486
83334.487
83334.488
83334.489
83334.490
83334.491
83334.492
83334.493
83334.494
83334.495
83334.496
83334.497
83334.498
83334.499
83334.500
83334.501
83334.502
83334.515
83334.594
83334.595
83334.596
83334.597
83334.598
83334.614
83334.615
83334.616
83334.626
83334.627
83334.635
83334.636
83334.637
83334.638
83334.639
83334.644
83334.645
83334.646
83334.647
83334.648
83334.649
83334.650
83334.651
83334.652
83334.666
83334.667
83334.668
83334.670
85963.30
866789.18
869729.3
885275.3
885276.3
90371.3695
90371.4794
910348.4
913087.4
930406.3
930406.8
941322.131
941322.132
941322.134
941322.168
941322.169
941322.170
941322.171
941322.172
941322.173
941322.174
941322.175
941322.177
941322.178
941322.179
941322.180
941322.181
941322.182
941322.183
941322.184
941322.195
941322.196
941322.197
941322.198
941322.216
941322.217
941323.4
98228.3
991915.3
991915.7
991919.15
996639.4
