1034807.5
1041826.3
1094466.30
1114861.10
1114867.11
1114873.17
1160795.3
1176532.3
1306518.3
1306519.4
1310418.3
1341165.3
1355330.16
1355330.4
1452724.4
1452725.4
1454066.3
1492737.5
1617283.4
165435.95
165435.97
1751056.3
1751095.3
1751100.3
1763534.5
1784713.4
1871076.5
1928857.3
1979344.3
1981981.3
2024526.4
2038737.3
2162713.3
2172098.3
2175091.3
2183896.3
2201181.3
2249356.3
2294119.4
239.327
239.73
2478552.3
2502784.5
2518177.3
2547394.3
2602769.3
2614441.3
2654325.4
2654843.4
2665645.3
2704140.12
2732161.4
2739062.3
2748319.3
2748320.3
2775246.3
2816357.3
2830782.3
2856519.3
2893883.3
2893884.3
2893885.3
2893886.3
2895947.3
2897181.3
2903098.9
2906076.30
2906077.7
2918454.3
29533.18
2977321.3
2994319.3
3016339.3
376686.10
376686.53
402612.5
459526.21
459526.6
683124.6
687844.13
79329.7
79329.8
79329.9
871694.3
907046.3
935222.4
96345.136
96345.194
96345.196
96345.201
96345.208
96345.209
96345.210
96345.211
96345.212
96345.213
96345.214
96345.215
96345.216
96345.217
96345.218
96345.219
96345.220
96345.221
96345.222
96345.223
96345.224
96345.225
96345.226
96345.227
96345.228
96345.229
96345.230
96345.231
96345.232
96345.233
96345.236
96345.237
96345.29
96345.30
96345.31
96345.32
96345.55
96345.56
96345.57
96345.574
96345.575
96345.576
96345.577
96345.578
96345.579
96345.58
96345.580
96345.581
96345.582
96345.583
96345.584
96345.585
96345.586
96345.587
96345.588
96345.589
96345.59
96345.590
96345.591
96345.592
96345.593
96345.594
96345.595
96345.596
96345.597
96345.598
96345.599
96345.60
96345.600
96345.601
96345.602
96345.61
96345.64
96345.679
96345.75
96345.852
96345.853
96345.854
96345.855
96345.856
96345.857
96345.858
96345.859
96345.860
96345.861
96345.862
96345.863
96345.864
96345.865
96345.866
986.28
986.37
986.7
992289.3
996.10
996.217
996.23
996.27
996.277
996.278
996.279
996.280
996.281
996.282
996.283
996.284
996.285
996.286
996.287
996.288
996.289
996.290
996.291
996.292
996.293
996.294
996.295
996.296
996.297
996.298
996.299
996.300
996.301
996.305
996.306
996.7
998845.4
