1227739.3
1356852.3
1385663.3
1385664.3
1385715.3
1411621.5
1484118.3
1705399.3
1850093.3
2319843.3
2496028.4
2502781.3
2584940.3
2596915.3
2615203.3
2675877.3
2675878.3
2697562.3
2714932.3
2724192.3
2735321.3
2761579.3
2999067.3
497967.3
748197.3
1411316.49
1503925.15
1727164.3
188932.3
2201271.3
2482728.3
2605747.3
2679963.6
2714940.3
2739058.7
2762321.3
2766984.4
2789740.4
2856523.3
3149230.3
332999.9
336820.4
363852.4
430522.4
485917.6
762903.4
1004.11
1004.12
1004.13
104663.8
2029983.3
2267521.3
2604421.3
2703787.3
2725414.3
2725416.3
2829818.3
485918.6
536979.8
79329.7
79329.8
79329.9
1117313.42
1117319.15
116092.3
1190813.19
1190813.23
1190813.24
1312369.5
1314868.3
1315283.4
1348114.3
137779.11
1390185.3
151081.31
1514074.8
152297.3
152297.5
161398.10
161398.33
1709477.4
1720343.3
176102.5
184924.6
2003316.4
206042.10
227.4
234831.3
247523.3
2490635.3
2518973.4
2518973.5
2583375.3
2587843.3
2589991.3
2589992.3
267375.3
2692624.3
2744479.3
2752475.3
2759705.3
2774154.3
2774154.4
2785910.3
2799564.3
2810196.4
28107.3
28109.4
2822842.6
2822846.6
2822847.6
2839744.3
288.4
2894202.6
2907242.3
2951137.3
298657.12
314281.3
314281.6
3241171.3
3241171.4
326442.8
327511.3
339617.4
342610.6
43657.15
43657.16
43657.17
43658.7
43659.6
43662.16
43662.27
43662.28
43662.39
43662.41
43662.53
43662.54
562716.5
621376.3
649161.3
77608.15
874454.12
882626.5
882626.7
