1009714.25
1027966.3
1028989.3
1037911.3
1037915.3
103796.123
103796.232
103796.240
103796.241
103796.242
103796.244
103796.245
103796.28
103796.29
103796.32
103796.33
103796.97
1038923.3
104087.12
104087.16
104087.51
104087.70
1042876.5
107445.4
1081927.12
1081927.14
1089456.3
1093787.3
1095103.4
1114970.3
1123015.3
1124983.3
114707.162
1147787.3
1150601.3
1158200.3
1158200.4
1163396.5
1163398.12
1163398.13
1163398.25
1173270.3
1173273.3
1173280.3
1173283.3
1173284.3
1173288.3
118613.3
1194418.9
1196325.12
1196325.13
1196325.3
1207075.3
1215087.7
1215088.3
1221522.3
122355.10
122355.27
1247546.20
1247546.22
1259844.3
1262350.4
1279007.3
1279008.3
1280938.3
1282356.3
1283291.4
1283291.5
1288410.67
129138.21
1294143.3
1295141.9
129817.25
1301098.3
1306993.14
1324931.3
1324932.3
1331671.3
1332075.4
1334632.3
1338689.3
1340851.3
1344094.3
1352354.3
1352355.3
1354732.4
1356855.3
1357074.3
1367493.3
1367494.3
1382237.3
1395516.4
1408271.3
1408272.3
1408273.3
1408274.3
1408275.3
1408276.3
1408277.3
1415629.8
1415630.3
1420599.3
1421430.9
1424203.6
1427342.3
1435044.3
1435058.3
1437873.4
1443105.4
1448140.3
1457392.3
147212.3
1495066.8
1495331.4
1499664.3
1499686.3
1500686.3
1500687.3
150396.3
1513890.10
1513890.11
1513890.12
1513890.13
1513890.14
1513890.15
1513890.16
1513890.17
1513890.6
1513890.7
1513890.8
1513890.9
1534110.3
1573704.3
1573711.4
1573712.4
1573714.4
1573718.4
1573719.4
1573720.4
157782.11
157782.18
157782.3
157782.41
157783.3
1583341.15
1583341.4
158627.16
1602166.3
160488.269
160488.4
1605838.11
1608996.45
1611770.3
1615674.65
1628086.12
163011.85
1636610.3
1649877.3
1659194.4
1664860.5
1682752.3
1691904.10
169669.16
169669.20
1702250.5
1736226.4
1755504.3
1761895.3
1785161.4
1788301.7
181555.3
1827300.3
183795.52
1837993.3
1853130.19
1855331.3
1855380.3
1876757.20
1881017.3
1886807.3
1898684.3
191390.12
191390.13
191390.5
1916993.3
192087.10
192087.11
192087.12
192087.6
1930532.3
1940621.29
1940636.15
1940636.7
1978467.3
1981174.3
198618.3
198618.8
198620.11
198620.126
198620.151
198620.28
198620.5
199201.5
200450.28
200450.29
200450.3
200450.30
200450.31
200450.32
200450.33
200450.34
200450.35
200450.36
200450.37
200450.38
200450.39
200450.40
200450.41
200450.42
200450.43
200450.44
200450.45
200450.46
200450.47
200450.48
200450.49
200450.50
200450.51
200450.52
200451.25
200451.30
200451.36
200451.37
200451.38
200451.39
200451.40
200451.41
200451.42
200451.43
200451.44
200451.45
200451.46
200451.47
200451.48
200451.49
200451.50
200451.51
200451.52
200451.53
200451.54
200451.55
200451.56
200451.57
200451.58
200451.59
200451.61
200452.20
200452.21
200454.15
2005388.3
2011015.8
2018067.3
2049589.3
2052956.3
2054914.4
2054915.4
2054919.4
2056231.21
205918.7
205922.5
2067572.3
2073078.3
2078786.5
2083051.3
2083052.3
2083053.3
2083054.3
2083055.3
208963.12
208963.54
208964.12
208964.479
208964.933
208964.934
2126069.3
216595.4
2169583.4
219572.3
219574.20
219574.21
2201356.3
2201998.4
220664.5
2213015.4
2217867.3
2219057.3
2219225.118
2219225.126
2219225.128
2219225.49
2219225.50
2219225.55
2219225.58
2219225.61
2219225.62
2219225.75
2219225.76
2219225.91
226910.14
231023.4
2316085.10
2316085.9
2320270.3
235275.6
2364649.6
237609.28
237609.3
237610.17
237610.30
237610.36
237610.37
244566.19
244566.39
244566.46
244566.48
244566.52
244566.62
2448482.6
2448482.7
2479392.3
2479393.3
2487887.3
2497146.3
2497146.4
2497162.3
2498848.3
2505979.5
2505979.6
251701.5
251722.36
251722.37
251722.38
251722.39
251722.40
251722.41
253237.3
2545800.3
2559074.3
2565368.18
2565368.19
2565368.20
2565368.29
2565368.45
2565368.49
2565368.5
2565368.52
2587597.3
2587859.3
2587863.3
2590776.3
2597770.3
2600598.4
2604941.3
2605424.4
2609418.3
2614442.3
264451.10
264730.9
2651048.3
2653853.3
2654238.3
2662033.3
2662034.3
2664899.3
2666183.116
2666183.117
2666183.37
2666183.69
2666183.73
2666183.87
2666183.99
2675224.3
2678256.3
2678257.3
2678258.3
2678259.3
2678260.3
2678261.3
2681983.3
2681983.7
2697023.3
2705472.3
2706126.3
2725477.12
2725477.14
2725477.15
2726956.3
2726956.4
2726989.3
2729423.3
2730845.3
2730846.3
2730847.3
2730848.3
2730849.3
2730850.3
2730851.3
2731552.8
2731552.9
2738125.4
2738126.4
2738843.3
2743971.3
2745230.3
2745482.10
2745482.9
2745494.6
2745494.7
2745494.8
2745503.6
2745510.4
2745514.6
2746701.3
2748080.3
2749807.3
2749807.4
2749808.3
2749999.3
2750625.38
2759706.3
2762576.5
2762577.4
2762577.6
2774459.3
2774873.3
2777367.3
2799183.3
2799184.3
2804761.3
2811422.3
2812000.3
2813842.3
2815720.4
2815936.3
2816906.3
2823875.3
2825975.3
2829498.3
2834406.3
2837969.3
2842346.12
2842346.19
2842346.4
2842346.6
2842346.7
2842346.8
2842346.9
2842351.6
2842356.7
2843611.3
2850559.4
2853159.5
2855434.3
2856556.3
2861799.3
2864101.3
2866277.3
2866278.3
2866626.3
2867408.3
2867409.3
287.10002
287.10155
287.10157
287.10161
287.10162
287.10273
287.10274
287.10275
287.10399
287.10400
287.10401
287.10402
287.10403
287.10404
287.10405
287.10406
287.10407
287.10408
287.10432
287.10441
287.10442
287.10563
287.10564
287.10566
287.10573
287.10574
287.10575
287.10628
287.10891
287.11063
287.11065
287.11130
287.11186
287.11187
287.11188
287.11189
287.11536
287.11537
287.11550
287.11551
287.11552
287.11553
287.11576
287.11577
287.11578
287.11579
287.11580
287.11581
287.11582
287.11583
287.11584
287.11585
287.11586
287.11587
287.11588
287.11589
287.11590
287.11591
287.11592
287.11595
287.11596
287.11597
287.11598
287.11599
287.11600
287.11601
287.11602
287.11738
287.11739
287.11740
287.11741
287.11742
287.11743
287.11744
287.11748
287.11749
287.11750
287.11751
287.11752
287.11753
287.11754
287.11755
287.11756
287.11757
287.11771
287.12049
287.12055
287.12057
287.1306
287.1307
287.1308
287.1309
287.13254
287.13257
287.13260
287.13268
287.13269
287.13270
287.13272
287.13338
287.13699
287.13705
287.13706
287.13707
287.13708
287.13714
287.13715
287.13729
287.13730
287.13731
287.13732
287.13733
287.13734
287.13735
287.13844
287.13857
287.13858
287.13859
287.13860
287.13861
287.13862
287.13863
287.14047
287.14070
287.14256
287.14257
287.14258
287.14277
287.14278
287.14483
287.14719
287.14720
287.14732
287.14733
287.14734
287.14742
287.14743
287.14744
287.14745
287.14803
287.14804
287.14821
287.1484
287.1485
287.1491
287.1494
287.15252
287.15851
287.15852
287.15853
287.15907
287.15908
287.15909
287.15910
287.15911
287.15912
287.15913
287.15914
287.15915
287.15916
287.15917
287.15920
287.15922
287.15923
287.15924
287.16517
287.16531
287.16532
287.16533
287.16534
287.16535
287.16536
287.16537
287.16538
287.16539
287.16540
287.16541
287.16542
287.16543
287.16544
287.16545
287.16546
287.16547
287.16548
287.16549
287.16550
287.16551
287.16552
287.16553
287.17623
287.17624
287.1773
287.18077
287.18078
287.18079
287.18131
287.18132
287.18133
287.18134
287.18135
287.18136
287.18137
287.18262
287.18273
287.18274
287.18275
287.18276
287.18277
287.18278
287.18279
287.18280
287.18281
287.18284
287.18285
287.18286
287.18287
287.18288
287.18290
287.18291
287.18293
287.18294
287.18295
287.18296
287.18297
287.18298
287.18299
287.18300
287.18302
287.18647
287.18648
287.1866
287.18687
287.18688
287.18695
287.18697
287.19189
287.19465
287.19468
287.19470
287.19555
287.19556
287.19557
287.19558
287.19559
287.19560
287.19561
287.19562
287.19563
287.19564
287.19565
287.19566
287.19567
287.19568
287.19569
287.19571
287.19572
287.1997
287.2005
287.24687
287.24688
287.24689
287.24690
287.24692
287.24693
287.24700
287.24701
287.24702
287.24703
287.24727
287.24728
287.24729
287.24730
287.24731
287.24732
287.24733
287.24734
287.24735
287.24736
287.24737
287.24738
287.24741
287.24742
287.24743
287.24744
287.24757
287.24758
287.24759
287.24981
287.24982
287.24983
287.24984
287.24985
287.24986
287.24987
287.24989
287.24991
287.25181
287.25188
287.2537
287.2538
287.2542
287.2548
287.2549
287.2550
287.2551
287.2552
287.2553
287.2554
287.2555
287.2556
287.2557
287.2558
287.2559
287.2560
287.2561
287.2562
287.2563
287.2570
287.25708
287.2571
287.25715
287.25716
287.25766
287.25767
287.2578
287.2579
287.25797
287.25798
287.25799
287.2580
287.25800
287.25801
287.25802
287.25803
287.25804
287.26013
287.26014
287.26038
287.26087
287.26096
287.26097
287.26098
287.26306
287.26307
287.26309
287.26310
287.26317
287.26322
287.26323
287.26324
287.26325
287.26396
287.26397
287.26398
287.26399
287.26400
287.26401
287.26402
287.26417
287.26429
287.26431
287.26432
287.26547
287.26552
287.26553
287.26554
287.26555
287.2658
287.2664
287.2665
287.2670
287.2692
287.27067
287.27068
287.27106
287.27149
287.27150
287.27152
287.27153
287.27154
287.27155
287.27156
287.27157
287.27234
287.27631
287.27632
287.27709
287.27710
287.27711
287.27713
287.27714
287.27715
287.27716
287.27718
287.27721
287.27722
287.27742
287.2816
287.28300
287.28301
287.28302
287.28303
287.28304
287.28305
287.28306
287.28307
287.28308
287.28309
287.28310
287.28311
287.28312
287.28313
287.28314
287.28315
287.28316
287.28317
287.28318
287.28319
287.28320
287.28321
287.28322
287.28323
287.28324
287.28325
287.28326
287.28327
287.28328
287.28329
287.28330
287.28331
287.28332
287.28333
287.28334
287.28335
287.28336
287.28337
287.28338
287.28339
287.28340
287.28341
287.28342
287.28343
287.28344
287.28376
287.28377
287.28378
287.28379
287.28380
287.28455
287.28456
287.28457
287.28458
287.28459
287.28460
287.28461
287.28462
287.28463
287.28491
287.28558
287.28559
287.28568
287.28569
287.28570
287.2899
287.2900
287.2901
287.2902
287.2903
287.2904
287.2905
287.2906
287.2907
287.2908
287.2914
287.29210
287.29212
287.29216
287.29235
287.2965
287.2966
287.2967
287.29672
287.29673
287.2970
287.29701
287.2971
287.2973
287.29775
287.29776
287.29777
287.29779
287.29780
287.29781
287.29782
287.29783
287.29784
287.29785
287.29786
287.29787
287.29788
287.29789
287.29790
287.29791
287.29792
287.29793
287.29794
287.29795
287.29796
287.29797
287.29798
287.29799
287.29800
287.29801
287.29802
287.29803
287.2981
287.29815
287.29817
287.29818
287.29820
287.29821
287.30216
287.30218
287.30240
287.30241
287.30243
287.30244
287.30245
287.30246
287.30248
287.30249
287.30250
287.30268
287.30270
287.30277
287.30278
287.30290
287.30292
287.30293
287.30294
287.30295
287.30314
287.3101
287.3102
287.3103
287.3104
287.31132
287.31133
287.31134
287.31138
287.31140
287.31141
287.31167
287.31168
287.31169
287.31172
287.31173
287.31175
287.31177
287.31179
287.31180
287.31353
287.31355
287.31356
287.31357
287.31425
287.31437
287.31479
287.31480
287.31481
287.31483
287.31484
287.31586
287.31587
287.31588
287.31589
287.31590
287.31591
287.31592
287.31593
287.31594
287.31595
287.31596
287.31597
287.31598
287.31599
287.31600
287.32471
287.32488
287.32489
287.32490
287.32491
287.32492
287.32501
287.32502
287.32503
287.32504
287.32505
287.32506
287.32514
287.32597
287.32600
287.32601
287.32602
287.32603
287.32605
287.32635
287.32637
287.32638
287.33002
287.33003
287.33004
287.33005
287.33006
287.33007
287.33008
287.33009
287.33010
287.33011
287.33012
287.33013
287.33014
287.33015
287.33016
287.33019
287.33021
287.33022
287.33023
287.33025
287.33026
287.33027
287.33028
287.33029
287.33559
287.33659
287.33660
287.33663
287.33664
287.33673
287.33690
287.33691
287.33693
287.33754
287.33755
287.33756
287.33757
287.33760
287.33761
287.33762
287.33763
287.33764
287.33787
287.33809
287.33810
287.33811
287.33911
287.33915
287.34047
287.34048
287.34049
287.34050
287.34051
287.34052
287.34053
287.34054
287.34055
287.34056
287.34057
287.34058
287.34059
287.34060
287.34061
287.34062
287.34063
287.34064
287.34065
287.34066
287.34067
287.34068
287.34069
287.34070
287.34071
287.34072
287.34073
287.34074
287.34075
287.34076
287.34077
287.34078
287.34079
287.34080
287.34081
287.34082
287.34083
287.34084
287.34085
287.34086
287.34087
287.34088
287.34089
287.34090
287.34091
287.34092
287.34093
287.34094
287.34095
287.34096
287.34097
287.34098
287.34099
287.34100
287.34101
287.34102
287.34103
287.34104
287.34105
287.34106
287.34107
287.34108
287.34109
287.34110
287.34111
287.34112
287.34113
287.34114
287.34115
287.34116
287.34117
287.34118
287.34119
287.34120
287.34121
287.34122
287.34123
287.34124
287.34126
287.34127
287.34129
287.34130
287.34131
287.34132
287.34133
287.34134
287.34136
287.34137
287.34138
287.34139
287.34140
287.34141
287.34142
287.34143
287.34144
287.34145
287.34146
287.34155
287.34298
287.34960
287.34978
287.35014
287.35015
287.35111
287.35113
287.35135
287.35138
287.35592
287.35604
287.35614
287.35615
287.35616
287.35617
287.35618
287.35619
287.35620
287.35621
287.35622
287.35694
287.35697
287.35703
287.36585
287.36586
287.36587
287.36596
287.36597
287.36598
287.36599
287.36600
287.36601
287.36602
287.36603
287.36604
287.36605
287.36606
287.36635
287.36640
287.36641
287.36642
287.36643
287.36644
287.36729
287.36736
287.36844
287.36847
287.36848
287.36849
287.36850
287.36867
287.37234
287.37235
287.37237
287.37238
287.37239
287.37240
287.37241
287.37242
287.37243
287.37245
287.37281
287.3741
287.3867
287.3868
287.3869
287.3877
287.3878
287.40241
287.40242
287.40267
287.40268
287.40376
287.40418
287.40419
287.40422
287.40426
287.40428
287.40437
287.40438
287.40439
287.40440
287.4050
287.4051
287.40511
287.40534
287.40535
287.40536
287.40537
287.40538
287.40539
287.40540
287.40560
287.40561
287.40562
287.40563
287.40564
287.40565
287.40566
287.40581
287.40582
287.40583
287.40584
287.40585
287.40586
287.40587
287.40588
287.40589
287.40596
287.40600
287.40668
287.40669
287.40670
287.40753
287.40755
287.40756
287.40757
287.40814
287.40819
287.40820
287.4090
287.4091
287.4092
287.4094
287.41320
287.41321
287.41323
287.41326
287.41327
287.41328
287.41354
287.41355
287.41356
287.41357
287.41358
287.41359
287.41360
287.41361
287.41362
287.41363
287.41364
287.41365
287.41366
287.41367
287.41368
287.41369
287.41370
287.41371
287.41380
287.41389
287.41390
287.41391
287.41394
287.41420
287.41493
287.41495
287.41496
287.41498
287.41499
287.41500
287.41501
287.41502
287.41503
287.41507
287.41537
287.41539
287.41632
287.41633
287.41634
287.41635
287.41636
287.41637
287.41638
287.41740
287.41741
287.41749
287.41750
287.41751
287.41752
287.41759
287.41760
287.4461
287.4462
287.4463
287.4464
287.4554
287.4566
287.4621
287.4622
287.4623
287.4624
287.5681
287.5685
287.5686
287.5687
287.5688
287.5689
287.5690
287.5706
287.5707
287.5746
287.5747
287.5748
287.5749
287.5750
287.5751
287.5752
287.5753
287.5776
287.5778
287.5955
287.5956
287.5959
287.5968
287.5971
287.5972
287.5973
287.5996
287.6323
287.6324
287.6364
287.6365
287.6366
287.6376
287.6480
287.6481
287.6482
287.6483
287.6484
287.6485
287.6486
287.6492
287.6799
287.7037
287.7038
287.7052
287.7086
287.7087
287.7091
287.7092
287.7093
287.7094
287.7095
287.7096
287.7097
287.7098
287.7099
287.7735
287.7736
287.7737
287.7738
287.7739
287.7740
287.7741
287.7742
287.8035
287.8037
287.8043
287.8044
287.8045
287.8046
287.8047
287.8048
287.8049
287.8050
287.8051
287.8052
287.8053
287.8054
287.8055
287.8898
287.8919
287.8921
287.8922
287.8923
287.8924
287.8925
287.9073
287.9074
287.9355
287.9378
287.9379
287.9422
287.9613
287.9615
287.9616
287.9617
287.9775
287.9776
287.9848
287.9849
287.9850
287.9851
287.9852
287.9853
287.9854
287.9857
287.9870
287.9871
287.9872
287.9877
287.9882
287.9883
287.9884
2870860.3
2884805.3
2886360.3
2886361.3
2892442.3
2895470.4
2895471.4
2895472.4
2895473.4
2895474.4
2895475.4
2895476.4
2895477.4
2895480.4
2895482.4
2895483.4
2895484.4
2895485.4
2895486.4
2895487.4
2895488.4
2895489.4
2895490.4
2895491.4
2898441.4
2899822.9
2921518.3
2939495.3
294.1012
294.1018
294.1065
294.1078
294.1096
294.1121
294.1127
294.1143
294.1201
294.1202
294.1226
294.123
294.1328
294.1334
294.1343
294.160
294.161
294.201
294.203
294.211
294.212
294.224
294.232
294.402
294.428
294.454
294.463
294.464
294.493
294.494
294.550
294.711
294.712
294.809
294.831
294.836
294.840
294.888
294.906
294.917
294.923
294.930
294.946
2942628.7
29438.35
29442.29
29442.40
29442.42
2944234.3
2944392.3
296.100
296.11
296.121
296.65
296.7
296.75
296.9
296.97
2961531.5
2961896.5
2971912.4
2972478.4
2973088.3
2974552.3
2975049.3
2975049.7
298.25
298.27
298.30
298.38
2983246.3
2986947.3
2993566.4
3016341.3
3019098.3
3020843.3
3020907.3
303.1004
303.1006
303.1013
303.1023
303.1024
303.1025
303.1026
303.1027
303.1028
303.1058
303.1059
303.1066
303.1067
303.1068
303.1077
303.1078
303.1079
303.1080
303.1128
303.1139
303.1141
303.1173
303.1186
303.1206
303.1212
303.1228
303.1229
303.1230
303.1231
303.1263
303.1265
303.1268
303.1270
303.1271
303.1272
303.1277
303.1286
303.1287
303.1289
303.1302
303.1320
303.1398
303.1409
303.1412
303.1415
303.1416
303.1417
303.1422
303.1438
303.1439
303.1440
303.1441
303.200
303.397
303.410
303.411
303.427
303.447
303.451
303.452
303.453
303.506
303.508
303.509
303.546
303.564
303.610
303.627
303.629
303.650
303.682
303.689
303.708
303.712
303.715
303.723
303.749
303.750
303.751
303.753
303.790
303.799
303.873
303.903
303.913
303.931
303.932
303.961
303.984
3040605.3
306.337
306.338
306.339
306.369
306.370
3067780.3
3068639.3
3081664.3
3093767.4
3122582.3
312306.11
312306.18
312306.24
312306.6
3144667.3
317.248
317.391
317.402
317.422
317.442
317.584
317.661
317.662
317.663
317.664
317.669
317.800
317.852
317.853
317.854
317.914
319.148
321.123
321.139
321.140
321.258
321.288
321.318
321661.10
321662.22
321662.23
321662.24
321662.25
321662.30
321846.3
321846.32
321846.44
321846.55
321846.56
321846.60
321846.61
321846.62
321846.66
322.19
322535.4
323.34
323.41
323.42
323.43
323.87
323.92
3230490.3
326927.3
33069.111
33069.125
33069.168
33069.70
33069.79
33069.80
33069.81
33069.82
33069.93
333.10
333.24
3379129.3
3381355.3
351746.6
353218.4
359110.32
359110.51
360920.22
36746.30
36746.31
36746.67
380021.101
380021.102
380021.104
380021.105
380021.106
380021.107
380021.108
380021.109
380021.120
380021.121
380021.159
380021.164
380021.165
380021.180
380021.181
380021.187
380021.207
380021.212
380021.220
380021.23
380021.236
380021.237
380021.241
380021.25
380021.54
380021.79
380021.80
380021.81
380021.84
381754.6
390235.5
395599.22
404407.11
412955.4
46257.19
46257.20
46257.8
46679.5
46680.115
46680.51
46680.88
470150.6
47877.15
47877.16
47878.18
47878.3
47878.31
47878.46
47879.40
47879.71
47879.77
47879.78
47880.10
47880.132
47880.157
47880.159
47880.191
47880.194
47880.203
47880.205
47880.206
47880.207
47880.208
47880.52
47880.53
47880.8
47883.13
47883.14
47883.15
47883.17
47883.23
47883.29
47883.35
47883.6
47884.6
47884.7
47885.35
47885.7
47886.23
47886.9
485880.19
485880.38
485880.41
485898.13
485898.7
515393.22
515393.3
515393.37
517398.3
520056.3
528343.3
53406.13
53407.25
53407.27
53408.6
53408.69
53408.71
53408.72
53408.73
53408.84
53408.91
53409.9
53707.12
53707.33
53707.35
556533.11
556533.14
556533.8
557722.4
582700.3
587753.10
587753.109
587753.11
587753.137
587753.145
587753.146
587753.147
587753.148
587753.149
587753.150
587753.151
587753.152
587753.153
587753.154
587753.155
587753.156
587753.157
587753.158
587753.159
587753.160
587753.161
587753.162
587753.163
587753.164
587753.165
587753.166
587753.182
587753.184
587753.208
587753.209
587753.211
587753.22
587753.230
587753.231
587753.232
587753.233
587753.24
587753.25
587753.26
587753.38
587753.59
587753.6
587753.60
587753.61
587753.62
587753.63
587753.81
587753.90
587753.92
587753.93
587753.94
587753.95
587851.10
587851.11
587851.12
587851.13
587851.14
587851.15
587851.16
587851.17
587851.21
587851.22
587851.8
587851.9
59511.33
645292.3
652611.126
652611.127
652611.128
652611.49
652611.50
652611.51
652611.52
652611.53
652611.54
652611.60
65741.8
658630.4
658632.3
658641.3
658642.3
658643.3
658644.3
663959.8
69328.15
69328.3
698755.3
702115.7
70775.153
70775.4
70775.49
743720.3
75588.13
75588.6
75612.10
75612.30
75692.3
757414.11
76758.11
76758.14
76758.15
76758.16
76758.26
76758.46
76758.47
76758.48
76758.5
76759.14
76759.142
76759.25
76759.40
76759.42
76759.43
76759.60
76759.82
76760.23
76760.24
76760.29
76760.40
76760.43
76760.44
76760.5
76761.100
76761.119
76761.48
76761.57
76761.82
76869.5
78327.27
78327.43
78327.52
78327.53
78327.54
78327.8
78327.84
78543.18
78543.27
78543.33
86185.62
86185.63
86192.10
86192.14
86192.15
86192.16
86192.17
86192.18
86192.19
86192.20
86192.21
86192.22
86192.23
86192.26
86192.27
86192.29
86192.31
86192.32
86192.37
86192.41
86192.43
86192.6
89065.15
910265.3
915099.11
915099.12
915099.14
915099.19
915099.21
915099.35
930166.116
930166.142
930166.143
930166.147
930166.150
930166.18
930166.19
930166.5
931281.3
941193.4
95619.107
96901.3
994484.3
1038924.3
104087.9
1124983.33
1148509.5
1163398.15
1211579.3
122355.17
1274359.3
129140.15
129817.4
1306993.17
1392877.3
1421430.4
1441629.3
1628086.3
163011.6
169669.6
1785145.9
183795.36
1853130.6
1880678.5
198618.9
198620.16
200450.8
200451.10
200454.14
2045200.3
2056231.5
216142.3
219572.4
2213015.5
223283.9
2320867.3
237609.16
2505979.3
2518644.3
2565368.4
2599595.3
2666183.42
2684212.7
2725477.13
2746321.3
2774460.3
2774461.3
2815720.3
2842346.5
2842348.3
2842349.3
2842350.3
2842354.3
2842355.3
2842356.3
2842357.3
2859001.3
294.127
294.284
294.391
29438.36
296.64
303.754
312306.7
317.850
321662.5
33069.19
359110.7
364197.3
384676.9
395598.4
437900.15
46677.3
46679.3
47878.15
47879.39
47883.16
50340.51
515393.28
53407.10
53408.5
53410.9
563797.7
573066.19
587753.86
651740.3
65741.4
658629.4
702115.3
70775.25
75612.23
757414.9
76758.17
76759.28
76760.17
76761.16
78327.9
86185.57
86265.6
882211.4
930166.114
95300.10
95301.3
