1028752.3
1173586.3
150120.4
1738770.4
173975.14
1930557.3
1965282.3
1965282.4
1987584.7
2018305.3
2029986.5
2059264.9
211586.12
211586.76
225848.8
225849.4
238836.3
24.16
24.17
24.29
24.43
24.44
24.49
24.50
24.51
24.88
24.89
24.90
24.97
2487742.3
2520507.3
2547970.3
256839.7
256839.8
2575361.3
2588449.3
2589987.3
2590015.3
2590884.3
2593655.3
2593656.4
2601269.3
260364.3
260364.7
2698686.3
2726434.10
2726434.5
2726434.8
2746932.5
2775245.3
2775245.5
2803864.3
2806008.3
2814292.3
2814292.4
2814293.3
2814294.3
2814295.3
2829809.3
2864202.3
2864203.3
2864204.3
2864205.3
2864206.3
2864207.3
2864208.3
2864209.3
2864210.3
2864211.3
2864212.3
2864213.3
2950245.5
318161.16
318167.14
319224.16
323850.11
325240.15
326297.10
332186.140
332186.154
332186.155
332186.67
332186.78
332186.79
332186.85
332186.86
332186.87
351745.9
38313.100
38313.101
38313.102
38313.140
38313.141
38313.142
38313.143
38313.144
38313.157
38313.158
38313.159
38313.160
38313.161
38313.162
38313.163
38313.164
38313.196
38313.197
38313.203
38313.216
38313.254
38313.329
38313.45
38313.77
38313.81
38313.95
38313.98
38313.99
392500.6
398579.7
399599.8
399804.5
402882.13
407976.7
425104.7
43661.3
458817.8
472183.9
558541.12
558541.35
558541.8
585.123
60480.19
60481.13
60961.10
62322.118
62322.122
62322.127
62322.131
62322.48
62322.5
62322.6
62322.81
637905.5
693970.3
693973.6
712036.3
755175.6
768528.7
93973.3
94122.6
