100226.137
100226.15
1003195.11
1003195.29
1038928.9
1038929.12
1048205.16
1048205.17
1048205.7
1054862.11
1077946.3
1079985.10
1079985.11
1109743.5
1133850.20
114686.5
1150371.4
1160718.9
116188.13
116188.15
116188.4
1169025.9
1176198.4
1200984.20
1203460.3
1214101.3
1214242.5
1218177.5
1218177.7
1223307.4
1223523.8
1226757.13
1226757.9
1262452.3
1265399.3
1265601.4
1265868.15
1287523.3
1303692.3
1306175.6
1319510.4
132473.7
132474.54
132474.55
132474.56
132474.58
1333528.4
1343740.29
1343740.8
1352936.5
1352941.4
1355015.12
1403539.3
1413221.3
1433415.3
1434306.3
1436133.8
1436133.9
1437453.6
1442032.3
1464011.10
1464011.11
1464011.110
1464011.111
1464011.112
1464011.113
1464011.114
1464011.115
1464011.116
1464011.12
1464011.8
1464011.9
146819.56
146819.57
146819.58
146819.59
146819.60
146819.61
146819.62
146819.65
146922.15
146923.5
1476754.3
1522758.3
1535304.3
1535768.3
1546107.4
155177.3
1561022.5
156453.4
1577075.3
1616117.3
1616117.8
1642299.6
1642299.7
164348.7
1648182.5
1649184.3
1661694.4
1664033.3
1690221.3
1725411.3
173858.8
173860.4
1751294.3
1783515.3
1795888.3
1812480.3
1816220.3
1821625.3
1827526.3
1827580.14
1827580.3
1827580.42
1827580.6
1827742.4
1837283.3
1849967.7
1851167.4
1854574.8
1855352.4
1881022.3
1882757.3
1885.4
1886.152
1886.153
1886.154
1886.160
1886.219
1886.220
1886.224
1886.225
1886.226
1886.233
1886.235
1886.323
1886.380
1886.381
1886.382
1886.383
1886.384
1886.385
1886.387
1886.388
1886.389
1886.390
1886.391
1886.66
1886.76
1886.80
1886.94
1886.95
1887.6
188770.13
188770.3
1888.11
1888.31
1888.4
1888.43
1888.61
1888.63
1888.64
1888.8
1889.10
1890.28
1892.131
1892.132
1892.133
1892.134
1892.135
1892.136
1892.137
1892.138
1892.139
1892.140
1892.141
1892.142
1892.143
1892.144
1892.145
1892.146
1892.147
1892.148
1892.149
1892.150
1892.151
1892.152
1892.153
1892.154
1892.26
1892.31
1892.41
1892.46
1892.47
1892.48
1892.49
1892.50
1892.51
1892.52
1892.53
1892.54
1892.7
1893.30
1893.39
1893.40
1893.7
1894.18
1895.18
1895.19
1901.15
1901.22
1901.23
1901.24
1901.25
1901.26
1901.27
1901.28
1901.29
1901.30
1901.31
1901.32
1901.33
1901.65
1901.9
1902.120
1902.122
1902.45
1902.64
1902.83
1902.84
1905.9
1906.17
1906.22
1906.27
1906.49
1906.50
1906.65
1907.4
1908.10
1908.108
1908.109
1908.29
1908.30
1911.187
1911.188
1911.189
1912.5
1912.57
1914.20
1914992.12
1915.4
1915.7
1915.8
1916.15
1916.16
1916.18
1919.151
1919.152
1919.153
1919.154
1919.18
1919.19
1919.27
1919.28
1919.29
1919.30
1919.31
1920.4
1920.5
1923.16
1923.17
1923.18
1923.19
1923.20
1923.21
1923.35
1923.36
1923.37
1923.38
1924.11
1926.3
1927.40
1927.44
1927.60
1927.61
1928.130
1928.131
1928.134
1928.151
1928.32
1929477.3
1932.7
193462.17
193462.18
193462.44
193462.5
193462.73
193462.74
193462.75
193462.76
1935.19
1935.7
1936.18
1936.19
1936.20
1938841.3
1940.3
1942.10
1942.11
1942.73
1942.74
1942.9
1944.51
1944.52
1950.16
1952.11
1960.10
1961.113
1961.114
1961.115
1961.116
1961.117
1961.25
1961.26
1961.27
1961.28
1961.29
1961713.3
1967.17
1967.6
1968.10
1968.11
1968.12
1968.13
1968.14
1968.15
1968.16
1968.17
1968.18
1968.19
1968.56
1968.57
1968.58
1968.59
1968.60
1968.61
1969.18
1969.19
1969.5
1969.59
1969.6
1969.60
1969.8
1971.10
1971.27
1971.31
1971.5
1972846.3
1977088.4
1984801.3
2005885.3
202862.4
2049881.3
2059884.3
206662.6
2072505.3
2078691.4
2083284.3
2094021.4
2099583.3
2099584.3
2109592.3
2109593.3
2135430.3
2136401.3
2153485.3
2174846.3
2175864.3
2184053.3
2202000.4
2203204.3
2203205.3
2203210.3
2211357.3
227882.62
227882.65
2282738.3
2293571.4
2305220.3
2305221.3
2306165.3
234612.4
235987.10
235987.11
235987.13
235987.14
235987.15
235987.6
235987.7
235987.8
235987.9
2420135.5
2495589.3
249567.10
249567.13
249567.14
249567.15
249567.32
249567.33
249567.34
249586.4
2496836.3
2506427.3
2508722.6
2563602.3
2582831.3
2585716.3
2588707.3
2594453.3
2594454.3
2594455.3
2594456.3
2594457.3
2594458.3
2594459.3
2594460.3
2594461.3
2594462.3
2594463.3
2599401.3
2605730.3
2607753.3
2609807.3
2609808.3
2609809.3
264445.3
2653200.3
2662065.3
2662397.3
2676871.3
2684468.3
2684469.3
2686304.3
2692233.3
2692234.3
2692235.3
2695266.3
2704468.3
2705012.3
2705439.3
2710756.3
2714844.4
2717324.3
2721173.3
2721243.3
2721244.3
2721245.3
2721246.3
2724151.3
2724152.3
2724153.3
2726118.3
2730915.3
2738410.3
2742130.3
2742133.3
2742134.3
2742136.3
2742137.3
2748873.3
2750011.3
2750025.3
2751189.3
2752308.3
2759525.3
2762559.4
2763006.3
2768066.3
2768067.3
2768068.3
2768069.3
2772432.3
2772433.3
2779671.3
2781734.3
2782004.3
278992.5
2797167.3
2797636.3
2801029.3
2801030.3
2801031.3
2801033.3
2809700.4
2811104.5
2825844.3
2831149.3
2837956.4
2838015.3
2838850.3
284034.3
284035.3
2840373.3
2841662.4
285473.5
285557.4
285557.5
285557.6
285557.7
285558.3
285558.4
285562.19
285562.37
285570.6
285574.14
285574.41
285574.42
285578.11
285578.12
285578.13
2855836.3
2859784.3
2865673.3
2866715.3
2867410.3
2872155.3
2875706.3
2878388.11
28894.3
2892996.3
2898276.3
2903609.3
2903611.3
2903612.3
2903613.3
2903614.3
2903616.3
2903619.3
2903621.3
2903622.3
2903623.3
2903624.3
2903625.3
2903627.3
2903630.3
2903631.3
2903634.3
2903635.3
2903636.3
2903637.3
2903638.3
2903639.3
2903640.3
2903641.3
2903642.3
2903643.3
2903644.3
2903645.3
2903646.3
2903647.3
2903649.3
2903651.3
2903652.3
2903653.3
2903654.3
2903656.3
2903657.3
2903658.3
2903659.3
2903660.3
2903665.3
2903667.3
2903668.3
2903669.3
2903670.3
2903671.3
2903672.3
2903673.3
2903674.3
2903675.3
2903676.3
2903677.3
2903678.3
2903679.3
2903680.3
2903681.3
2903682.3
2903683.3
2903684.3
2903685.3
2903686.3
2903687.3
2903690.3
2903697.3
2903700.3
2903702.3
2903703.3
2903704.3
2903705.3
2903710.3
2903714.3
2903715.3
2903716.3
2903717.3
2903718.3
2903719.3
2903721.3
2903722.3
2903724.3
2903746.3
2903747.3
2903748.3
2903749.3
2903750.3
2903751.3
2903753.3
2903754.3
2903755.3
2903756.3
2903757.3
2903758.3
2903760.3
2903762.3
2903763.3
2903764.3
2903765.3
2903766.3
2903767.3
2903768.3
2903769.3
2903770.3
2903771.3
2903772.3
2903773.3
2903774.3
2903775.3
2903778.3
2903779.3
2903780.3
2903783.3
2903784.3
2903785.3
2903786.3
2903787.3
2903788.3
2903789.3
2903791.3
2903793.3
2903796.3
2903797.3
2903798.3
2903801.3
2903802.3
2903803.3
2903805.3
2903806.3
2903809.3
2903810.3
2903811.3
2903814.3
2903816.3
2903817.3
2903818.3
2903820.3
2903822.3
2903823.3
2903824.3
2903825.3
2903826.3
2903827.3
2903828.3
2903829.3
2903830.3
2903831.3
2903832.3
2903833.3
2903834.3
2903835.3
2903836.3
2903837.3
2903838.3
2903839.3
2903841.3
2903842.3
2903844.3
2903846.3
2903847.3
2903848.3
2903849.3
2903850.3
2903852.3
2903856.3
2903857.3
2903858.3
2903859.3
2903860.3
2903861.3
2903862.3
2903863.3
2903865.3
2903867.3
2903869.3
2903871.3
2903872.3
2903873.3
2903874.3
2903875.3
2903876.3
2903877.3
2903878.3
2903880.3
2903881.3
2903882.3
2903883.3
2903884.3
2903885.3
2903887.3
2903888.3
2903889.3
2903890.3
2903891.3
2903892.3
2903893.3
2903894.3
2903895.3
2903896.3
2903897.3
2930259.3
29305.5
2944250.3
2944251.3
2949637.6
2964607.4
2964608.4
2964669.4
2967224.3
2969820.3
2971798.3
2975620.3
2975621.3
2975622.3
2975623.3
2975624.3
2975625.3
2975626.3
2975628.3
2975631.3
2975632.3
2975633.3
2975634.3
2975639.3
2975640.3
2975641.3
2975642.3
2975644.3
2975645.3
2975646.3
2975650.3
2975651.3
2975654.3
2975655.3
2975656.3
2975657.3
2975658.3
2975661.3
2975663.3
2975665.3
2975666.3
2975667.3
2975668.3
2975671.3
2975672.3
2975673.3
2975674.3
2975676.3
2975680.3
2975681.3
2975682.3
2975683.3
2975684.3
2975689.3
2975691.3
2975692.3
2975694.3
2975696.3
2975697.3
2975698.3
2975700.3
2975701.3
2975702.3
2975705.3
2975706.3
2975708.3
2975709.3
2975710.3
2975712.3
2975713.3
2975714.3
2975718.3
2975719.3
2975720.3
2975722.3
2975723.3
2975724.3
2975725.3
2975727.3
2975728.3
2975729.3
2975730.3
2975731.3
2975734.3
2975735.3
2975736.3
2975737.3
2975739.3
2975740.3
2975741.3
2975742.3
2975743.3
2975744.3
2975745.3
2975748.3
2975749.3
2975750.3
2975751.3
2975752.3
2975756.3
2975757.3
2975758.3
2975759.3
2975760.3
2975761.3
2975762.3
2975764.3
2975765.3
2975769.3
2975770.3
2975776.3
2975777.3
2975778.3
2975780.3
2975783.3
2975784.3
2975785.3
2975788.3
2975789.3
2975790.3
2975791.3
2975792.3
2975793.3
2975795.3
2975796.3
2975797.3
2975798.3
2975800.3
2975801.3
2975802.3
2975803.3
2975804.3
2975808.3
2975809.3
2975810.3
2975811.3
2975812.3
2975828.3
2975842.3
2975843.3
2975844.3
2975845.3
2975848.3
2975849.3
2975852.3
2975853.3
2975855.3
2975856.3
2975857.3
2975859.3
2975860.3
2975866.3
2975867.3
2975868.3
2975870.3
2975871.3
2975872.3
2975873.3
2975875.3
2975878.3
2975880.3
2975882.3
2975884.3
2975885.3
2975886.3
2975887.3
2975888.3
2975890.3
2975891.3
2975892.3
2975893.3
2975894.3
2975896.3
2975897.3
2975898.3
2975899.3
2975900.3
2975902.3
2975903.3
2975904.3
2975905.3
2975906.3
2975907.3
2975908.3
2975910.3
2975911.3
2975912.3
2975913.3
2975915.3
2975916.3
2975917.3
2975918.3
2975921.3
2975922.3
2975923.3
2975924.3
2975927.3
2975928.3
2975929.3
2975930.3
2975931.3
2975932.3
2975933.3
2975934.3
2975936.3
2975938.3
2975942.3
2976008.3
2976009.3
2976010.3
2976011.3
2976015.3
2987533.3
2997367.3
3004093.3
3015154.3
3019068.3
3020055.3
3026191.3
3035274.3
3035278.3
3035279.3
3040076.3
3049543.3
3050126.3
3062275.3
3074379.3
3078227.4
3123042.3
3127701.3
3129112.3
316280.3
316284.18
319947.4
3231716.3
3239284.3
332589.4
3372854.3
3372855.3
3372856.3
3377215.3
3383314.3
33899.19
33900.15
33900.17
33900.27
33900.34
33900.35
33900.36
33900.7
35620.25
35620.5
35621.10
35621.24
362257.4
36818.16
36818.20
371608.7
38300.11
38300.4
39478.4
40318.10
40318.15
40318.3
403935.6
408015.13
408783.3
42234.82
42237.12
42239.3
424188.3
42684.10
42684.11
42684.13
42684.14
42684.52
42881.4
436397.4
44033.4
443255.68
444103.5
452529.6
452529.7
452529.8
45398.5
45398.9
455632.4
457425.27
457428.16
465541.12
476552.4
47716.12
47716.207
477245.3
47759.12
47759.4
47759.7
47759.8
47760.6
47763.10
47763.27
47763.39
47763.64
47763.9
477697.4
48665.5
51201.9
53448.8
53451.4
545123.5
54571.10
54571.11
54571.16
54571.42
54571.43
54571.44
54571.45
54571.46
54571.47
54571.48
54571.49
54571.80
54571.81
553510.3
55404.14
562.52632
576784.14
58340.34
58340.36
58343.17
58343.18
58343.19
58343.20
58343.21
58343.22
58343.23
58343.24
58343.49
58343.50
58343.51
58343.52
58343.53
58343.54
58343.55
58343.56
58343.57
58343.58
58343.59
58343.60
58344.7
58346.16
58346.22
58346.23
58346.24
58346.25
58346.36
58346.37
591167.6
59299.27
646637.3
657275.3
66374.6
66374.9
66425.3
66428.12
66428.41
665007.5
665577.7
66871.3
66880.4
66883.14
66883.15
66883.16
66883.17
66883.18
66883.97
66883.98
66892.7
66894.4
67255.24
67255.25
67258.28
67258.29
67258.32
67258.4
67258.5
67260.4
67263.32
67267.5
67280.14
67280.6
67287.7
67294.3
67294.6
67296.3
67304.10
67304.26
67304.27
67304.8
67305.10
67308.4
67315.9
67326.13
67332.37
67345.6
67345.9
67348.11
67350.10
67350.11
67350.12
67350.8
67350.9
67351.10
67351.11
67351.12
67351.13
67351.14
67351.38
67362.85
67367.6
67372.3
67376.10
67381.3
67381.5
67384.7
67385.11
67385.12
67385.22
67385.23
680198.5
68042.14
68044.5
68173.3
68174.5
68174.51
68174.52
68174.53
68174.54
68174.6
68175.23
68175.4
68175.6
68179.3
68188.6
68200.5
68202.59
68202.83
68203.10
68203.11
68203.12
68203.13
68203.14
68203.15
68203.16
68203.6
68204.10
68209.3
68212.3
68213.7
68214.14
68219.5
68231.41
68231.42
68231.43
68231.44
68231.45
68231.46
68231.6
68231.7
68231.8
68232.3
68232.4
68233.5
68233.6
68239.10
68239.32
68239.33
68239.34
68239.35
68240.3
68246.3
68249.6
68270.4
68270.5
68274.5
68286.10
68286.11
68286.25
68286.26
68286.27
68286.28
68570.33
68570.35
68570.5
73044.10
73044.12
73044.9
749414.3
75293.3
80860.3
83291.4
83380.6
83380.61
83380.62
83380.63
83656.10
83656.11
83656.9
862751.12
887462.7
887462.8
887464.4
92644.23
92644.3
92644.9
953739.44
953739.5
