1000951.3
1000952.3
1000953.4
1051362.3
1055325.3
1093790.3
1095638.3
1095639.3
1095640.3
1095641.3
1095642.3
1095643.3
1095644.3
1095645.3
1095646.3
1095647.3
1095648.3
1095649.3
1095650.3
1095651.3
1095652.3
1095653.3
1095654.3
1095655.3
1095656.3
1095657.3
1095658.3
1095659.3
1095660.3
1095661.3
1095662.3
1124468.8
1124469.11
1124470.7
1124471.7
1124472.7
1124473.7
1124474.7
1124475.8
1124476.7
1124477.7
1124478.9
1124480.7
1124481.7
1124483.7
1124484.7
1124485.7
1124486.7
1124487.8
1134456.3
1147127.5
1224154.5
1225781.3
1225782.3
1225783.3
1233524.3
1235442.3
1235443.3
1235444.3
1235454.3
1235456.3
1235473.3
1236549.3
1258564.3
1263863.3
127906.100
127906.102
127906.104
127906.107
127906.108
127906.109
127906.110
127906.111
127906.112
127906.114
127906.117
127906.23
127906.24
127906.25
127906.26
127906.27
127906.28
127906.29
127906.30
127906.31
127906.32
127906.33
127906.34
127906.35
127906.36
127906.37
127906.38
127906.39
127906.40
127906.41
127906.42
127906.43
127906.44
127906.45
127906.46
127906.47
127906.48
127906.49
127906.50
127906.51
127906.52
127906.53
127906.54
127906.55
127906.56
127906.57
127906.58
127906.59
127906.60
127906.61
127906.62
127906.63
127906.65
127906.66
127906.67
127906.68
127906.69
127906.70
127906.71
127906.72
127906.73
127906.74
127906.75
127906.76
127906.77
127906.78
127906.79
127906.80
127906.81
127906.98
127906.99
1294275.3
1339249.3
1343738.3
1352358.3
1398492.3
1399573.3
1399574.3
1399575.3
140100.3
1408477.3
1408478.3
1416746.3
1416747.3
1416748.3
1416749.3
1420885.6
1433144.3
1458274.3
1481663.10
1481663.11
1481663.12
1481663.25
1481663.26
1481663.27
1481663.28
1481663.29
1481663.30
1481663.31
1481663.32
1481663.33
1481663.34
1481663.35
1481663.36
1481663.37
1481663.6
1481663.7
1481663.9
185332.6
196600.6
223926.6
243277.254
243277.26
243277.89
28172.24
28172.25
28172.26
28172.27
28172.28
28172.29
28172.30
28172.31
28172.32
28172.33
28172.34
28172.35
28172.36
28172.37
28172.38
28172.39
28172.40
28172.41
28172.42
28172.43
28172.44
28172.45
28172.46
28172.47
28172.48
28172.49
28172.50
28172.51
28172.52
28172.53
28172.58
28172.59
345072.13
345072.24
345072.25
345073.12
345073.21
345073.40
345073.42
345073.43
345073.44
345074.23
345075.31
345076.18
345076.21
345076.22
404974.7
412614.23
412614.24
412614.8
412883.10
412966.10
412967.9
417397.11
417398.15
417399.11
417400.19
417400.20
45888.13
45888.14
45888.15
45888.16
45888.17
45888.18
45888.19
45888.20
45888.21
45888.22
45888.24
45888.25
45888.26
45888.27
45888.28
45888.29
55601.132
579112.3
592313.3
593585.3
593586.3
593587.4
593588.5
593589.3
593590.3
661513.3
666.1556
666.1558
666.1559
666.1560
666.1561
666.1562
666.1563
666.1564
666.1565
666.1566
666.1567
666.1568
666.1569
666.1570
666.1571
666.1572
666.1573
666.1574
666.1575
666.1576
666.1577
666.1578
666.1579
666.1580
666.1581
666.1582
666.1583
666.1584
666.1585
666.1586
666.1587
666.1588
666.1589
666.1590
666.1591
666.1592
666.1593
666.1594
666.1595
666.1601
666.1964
666.1965
666.1966
666.1967
666.1968
666.1969
666.1970
666.1971
666.1972
666.1973
666.1974
666.1975
666.1976
666.1977
666.1978
666.1979
666.1981
666.1982
666.1984
666.1985
666.1986
666.1987
666.1988
666.1989
666.1990
666.1991
666.1992
666.1993
666.1995
666.1996
666.1997
666.1998
666.2000
666.2003
666.2004
666.2010
666.2012
666.2013
666.2014
666.2015
666.2017
666.2018
666.2020
666.2022
666.2023
666.2024
666.2025
666.2029
666.2031
666.2033
666.2035
666.2036
666.2038
666.2039
666.2040
666.2041
666.2043
666.2044
666.2045
666.2046
666.2048
666.2055
666.2057
666.2060
666.2061
666.2063
666.2064
666.2066
666.2067
666.2069
666.2070
666.2071
666.2073
666.2075
666.2078
666.2080
666.2081
666.2082
666.2083
666.2084
666.2090
666.2091
666.2092
666.2094
666.2095
666.2096
666.2097
666.2099
666.2101
666.2102
666.2103
666.2104
666.2106
666.2107
666.2110
666.2111
666.2116
666.2119
666.2120
666.2121
666.2123
666.2124
666.2125
666.2131
666.2132
666.2133
666.2134
666.2135
666.2136
666.2137
666.2138
666.2139
666.2140
666.2141
666.2142
666.2143
666.2144
666.2145
666.2146
666.2147
666.2148
666.2149
666.2150
666.2151
666.2152
666.2153
666.2154
666.2155
666.2172
666.2174
666.2176
666.2178
666.2179
666.2183
666.2285
666.2286
666.2362
666.2363
666.2364
666.2365
666.2366
666.2367
666.2475
666.2476
666.2588
666.2589
666.2590
666.2591
666.2592
666.2597
666.2598
666.2599
666.2600
666.2601
666.2602
666.2603
666.2604
666.2605
666.2606
666.2607
666.2608
666.2609
666.2610
666.2611
666.2612
666.2613
666.2614
666.2615
666.2616
666.2916
666.2917
666.2918
666.2919
666.2920
666.2921
666.2922
666.2923
666.2924
666.2925
666.2926
666.3016
666.3017
666.3112
666.3113
666.3114
666.3115
666.3116
666.3117
666.3118
666.3119
666.3120
666.3121
666.3122
666.3123
666.3124
666.3125
666.3126
666.3127
666.3128
666.3129
666.3130
666.3131
666.3132
666.3133
666.3134
666.3135
666.3136
666.3137
666.3138
666.3139
666.3140
666.3141
666.3142
666.3143
666.3144
666.3145
666.3146
666.3147
666.3148
666.3149
666.3150
666.3151
666.3153
666.3154
666.3155
666.3156
666.3157
666.3158
666.3159
666.3160
666.3161
666.3162
666.3163
666.3164
666.3165
666.3166
666.3167
666.3168
666.3169
666.3170
666.3171
666.3172
666.3173
666.3174
666.3175
666.3176
666.3177
666.3178
666.3179
666.3180
666.3181
666.3182
666.3183
666.3184
666.3185
666.3186
666.3187
666.3188
666.3189
666.3190
666.3191
666.3192
666.3193
666.3194
666.3195
666.3196
666.3197
666.3198
666.3199
666.3200
666.3201
666.3202
666.3203
666.3204
666.3205
666.3206
666.3207
666.3208
666.3209
666.3210
666.3211
666.3212
666.3213
666.3214
666.3215
666.3216
666.3217
666.3218
666.3219
666.3220
666.3221
666.3222
666.3223
666.3224
666.3225
666.3258
666.3259
666.3260
666.3261
666.3262
666.3263
666.3264
666.3265
666.3267
666.3268
666.3269
666.3271
666.3273
666.3274
666.3276
666.3277
666.3278
666.3279
666.3371
666.3372
666.3373
666.3374
666.3375
666.3376
666.3377
666.3378
666.3379
666.3380
666.3381
666.3382
666.3383
666.3384
666.3385
666.3386
666.3387
666.3388
666.3389
666.3390
666.3391
666.3392
666.3393
666.3394
666.3395
666.3404
666.3430
666.3431
666.3432
666.3433
666.3434
666.3435
666.3436
666.3437
666.3438
666.3439
666.3440
666.3441
666.3442
666.3443
666.3444
666.3445
666.3446
666.3447
666.3448
666.3449
666.3450
666.3451
666.3452
666.3453
666.3454
666.3455
666.3456
666.3457
666.3458
666.3459
666.3460
666.3461
666.3462
666.3463
666.3464
666.3465
666.3466
666.3467
666.3468
666.3606
666.3607
666.3608
666.3609
666.3610
666.3611
666.3612
666.3613
666.3614
666.3615
666.3616
666.3617
666.3618
666.3619
666.3620
666.3624
666.3625
666.3626
666.3627
666.3628
666.3629
666.3630
666.3631
666.3632
666.3633
666.3634
666.3635
666.3636
666.3637
666.3683
666.3684
666.3685
666.3686
666.3687
666.3688
666.3689
666.3690
666.3691
666.3692
666.3693
666.3694
666.3719
666.3720
666.3721
666.3722
666.3723
666.3724
666.3725
666.3726
666.3727
666.3729
666.3731
666.3732
666.3733
666.3734
666.3735
666.3736
666.3737
666.3738
666.3739
666.3740
666.3741
666.3742
666.3743
666.3744
666.3745
666.3746
666.3747
666.3748
666.3749
666.3750
666.3751
666.3752
666.3753
666.3754
666.3756
666.3757
666.3758
666.3759
666.3760
666.3761
666.3762
666.3763
666.3764
666.3765
666.3766
666.3767
666.3768
666.3769
666.3770
666.3771
666.3772
666.3773
666.3774
666.3775
666.3776
666.3777
666.3778
666.3779
666.3780
666.3781
666.3782
666.3783
666.3784
666.3785
666.3786
666.3787
666.3788
666.3789
666.3790
666.3791
666.3792
666.3793
666.3794
666.3795
666.3796
666.3797
666.3798
666.3799
666.3800
666.3801
666.3802
666.3803
666.3804
666.3805
666.3806
666.3807
666.3808
666.3809
666.3810
666.3811
666.3812
666.3813
666.3814
666.3815
666.3816
666.3817
666.3818
666.3819
666.3820
666.3821
666.3822
666.3823
666.3824
666.3825
666.3826
666.3827
666.3828
666.3829
666.3830
666.3831
666.3834
666.3835
666.3836
666.3838
666.3839
666.3842
666.3843
666.3844
666.3845
666.3846
666.3847
666.3958
666.3960
666.3961
666.3962
666.3963
666.3964
666.3965
666.3966
666.3967
666.3968
666.4020
666.4021
666.4022
666.4023
666.4116
666.4117
666.4119
666.4120
666.4122
666.4123
666.4124
666.4125
666.4126
666.4127
666.4129
666.4130
666.4133
666.4134
666.4136
666.4137
666.4138
666.4139
666.4140
666.4141
666.4142
666.4144
666.4145
666.4146
666.4149
666.4150
666.4151
666.4152
666.4153
666.4154
666.4155
666.4156
666.4158
666.4159
666.4160
666.4161
666.4163
666.4164
666.4165
666.4166
666.4167
666.4168
666.4169
666.4170
666.4171
666.4172
666.4173
666.4174
666.4176
666.4177
666.4178
666.4179
666.4180
666.4181
666.4182
666.4183
666.4184
666.4185
666.4186
666.4187
666.4188
666.4189
666.4190
666.4191
666.4192
666.4193
666.4194
666.4195
666.4196
666.4197
666.4198
666.4199
666.4200
666.4201
666.4202
666.4203
666.4204
666.4205
666.4206
666.4207
666.4208
666.4209
666.4210
666.4211
666.4212
666.4213
666.4214
666.4215
666.4216
666.4217
666.4218
666.4410
666.4411
666.4412
666.4413
666.4414
666.4415
666.4416
666.4417
666.4418
666.4419
666.4420
666.4421
666.4422
666.4423
666.4424
666.4425
666.4426
666.4427
666.4428
666.4429
666.4430
666.4431
666.4432
666.4433
666.4434
666.4435
666.4436
666.4437
666.4438
666.4439
666.4440
666.4441
666.4442
666.4443
666.4444
666.4445
666.4446
666.4447
666.4448
666.4449
666.4450
666.4451
666.4452
666.4453
666.4454
666.4455
666.4456
666.4457
666.4458
666.4459
666.4460
666.4461
666.4462
666.4463
666.4464
666.4465
666.4466
666.4467
666.4468
666.4469
666.4470
666.4471
666.4472
666.4473
666.4474
666.4475
666.4476
666.4477
666.4478
666.4479
666.4480
666.4481
666.4482
666.4483
666.4484
666.4485
666.4486
666.4487
666.4488
666.4490
666.4491
666.4492
666.4493
666.4494
666.4495
666.4496
666.4497
666.4498
666.4499
666.4500
666.4501
666.4502
666.4503
666.4504
666.4505
666.4506
666.4507
666.4508
666.4509
666.4510
666.4511
666.4512
666.4513
666.4514
666.4515
666.4516
666.4517
666.4518
666.4519
666.4520
666.4521
666.4522
666.4523
666.4524
666.4525
666.4526
666.4527
666.4528
666.4529
666.4530
666.4531
666.4532
666.4533
666.4534
666.4536
666.4537
666.4538
666.4539
666.4540
666.4541
666.4542
666.4543
666.4544
666.4545
666.4546
666.4547
666.4548
666.4549
666.4550
666.4551
666.4552
666.4553
666.4554
666.4555
666.4556
666.4557
666.4558
666.4559
666.4560
666.4561
666.4562
666.4563
666.4564
666.4565
666.4566
666.4567
666.4568
666.4569
666.4570
666.4571
666.4572
666.4573
666.4574
666.4575
666.4576
666.4577
666.4578
666.4579
666.4580
666.4581
666.4582
666.4583
666.4584
666.4585
666.4587
666.4588
666.4589
666.4590
666.4591
666.4592
666.4593
666.4594
666.4595
666.4596
666.4597
666.4598
666.4599
666.4600
666.4601
666.4602
666.4603
666.4604
666.4605
666.4606
666.4607
666.4608
666.4609
666.4610
666.4611
666.4612
666.4613
666.4614
666.4615
666.4616
666.4617
666.4618
666.4619
666.4620
666.4621
666.4622
666.4623
666.4624
666.4625
666.4626
666.4627
666.4628
666.4629
666.4630
666.4631
666.4632
666.4633
666.4634
666.4635
666.4636
666.4638
666.4648
666.4649
666.4650
666.4651
666.4652
666.4653
666.4670
666.4671
666.4672
666.4673
666.4675
666.4676
666.4677
666.4678
666.4679
666.4680
666.4681
666.4682
666.4683
666.4684
666.4685
666.4709
666.4710
666.4711
666.4712
666.4713
666.4714
666.4715
666.4716
666.4717
666.4718
666.4719
666.4720
666.4722
666.4723
666.4724
666.4725
666.4726
666.4727
666.4869
666.4870
666.4887
666.4888
666.4889
666.4890
666.4891
666.4892
666.4893
666.4894
666.4895
666.4896
666.4897
666.4898
666.4899
666.4900
666.4901
666.4902
666.4903
666.4904
666.4905
666.4906
666.4907
666.4908
666.4909
666.4910
666.4911
666.4912
666.4913
666.4914
666.4915
666.4916
666.4917
666.4918
666.4919
666.4920
666.4921
666.4922
666.4923
666.4924
666.4925
666.4926
666.4927
666.4928
666.4929
666.4930
666.4931
666.4932
666.4933
666.4934
666.4935
666.4936
666.4937
666.4938
666.4939
666.4940
666.4941
666.4942
666.4943
666.4944
666.4945
666.4946
666.4947
666.4948
666.4949
666.4950
666.4951
666.4952
666.4953
666.4954
666.4955
666.4956
666.4957
666.4958
666.4959
666.4960
666.4961
666.4962
666.4968
666.4969
666.4970
666.4971
666.4986
666.4987
666.5022
666.5023
666.5030
666.5031
666.5032
666.5033
666.5034
666.5035
666.5036
666.5037
666.5038
666.5039
666.5040
666.5041
666.5042
666.5043
666.5044
666.5045
666.5046
666.5047
666.5048
666.5049
666.5050
666.5051
666.5052
666.5054
666.5055
666.5056
666.5057
666.5058
666.5059
666.5060
666.5061
666.5062
666.5063
666.5064
666.5066
666.5067
666.5068
666.5070
666.5071
666.5072
666.5073
666.5074
666.5075
666.5076
666.5077
666.5078
666.5079
666.5080
666.5081
666.5082
666.5083
666.5084
666.5085
666.5210
666.5211
666.5212
666.5213
666.5214
666.5215
666.5216
666.5217
666.5218
666.5219
666.5220
666.5221
666.5222
666.5223
666.5228
666.5251
666.5306
666.5307
666.5308
666.5309
666.5310
666.5311
666.5312
666.5313
666.5314
666.5315
666.5316
666.5317
666.5318
666.5319
666.5320
666.5321
666.5322
666.5323
666.5324
666.5325
666.5326
666.5327
666.5328
666.5329
666.5330
666.5331
666.5332
666.5333
666.5334
666.5335
666.5336
666.5337
666.5338
666.5339
666.5351
666.5352
666.5353
666.5354
666.5355
666.5356
666.5357
666.5358
666.5359
666.5360
666.5361
666.5362
666.5390
666.5391
666.5392
666.5393
666.5394
666.5395
666.5396
666.5397
666.5398
666.5399
666.5401
666.5402
666.5403
666.5404
666.5405
666.5407
666.5408
666.5409
666.5410
666.5411
666.5412
666.5413
666.5414
666.5415
666.5416
666.5417
666.5418
666.5419
666.5420
666.5441
666.5442
666.5443
666.5444
666.5445
666.5446
666.5447
666.5448
666.5449
666.5450
666.5451
666.5452
666.5453
666.5454
666.5455
666.5456
666.5465
666.5466
666.5467
666.5562
666.5563
666.5564
666.5565
666.5566
666.5567
666.5568
666.5570
666.5571
666.5572
666.5573
666.5574
666.5575
666.5589
666.5590
666.5593
666.5594
666.5595
666.5596
666.5615
666.5616
666.5617
666.5618
666.5619
666.5620
666.5621
666.5622
666.5623
666.5624
666.5625
666.5626
666.5627
666.5628
666.5629
666.5630
666.5631
666.5632
666.5633
666.5634
666.5635
666.5636
666.5637
666.5639
666.5640
666.5641
666.5642
666.5647
666.5648
666.5649
666.5650
666.5651
666.5652
666.5653
666.5654
666.5655
666.5656
666.5657
666.5658
666.5659
666.5660
666.5661
666.5662
666.5663
666.5664
666.5665
666.5666
666.5667
666.5668
666.5669
666.5670
666.5671
666.5672
666.5673
666.5674
666.5675
666.5676
666.5689
666.5690
666.5691
666.5692
666.5779
666.5780
666.5781
666.5782
666.5783
666.5784
666.5785
666.5786
666.5787
666.5788
666.5789
666.5790
666.5791
666.5792
666.5793
666.5794
666.5795
666.5796
666.5797
666.5798
666.5799
666.5800
666.5801
666.5802
666.5803
666.5804
666.5805
666.5853
666.5854
666.5855
666.6076
666.6088
666.6089
666.6093
666.6094
666.6095
666.6200
666.6201
666.6202
666.6203
666.6204
666.6205
666.6206
666.6207
666.6208
666.6209
666.6210
666.6211
666.6212
666.6213
666.6214
666.6215
666.6216
666.6234
666.6235
666.6273
666.6274
666.6275
666.6276
666.6277
666.6278
666.6279
666.6280
666.6281
666.6282
666.6283
666.6284
666.6285
666.6286
666.6287
666.6288
666.6298
666.6325
666.6326
666.6328
666.6329
666.6330
666.6331
666.6332
666.6333
666.6334
666.6335
666.6336
666.6337
666.6338
666.6339
666.6340
666.6341
666.6342
666.6343
666.6344
666.6345
666.6346
666.6347
666.6348
666.6349
666.6350
666.6351
666.6352
666.6353
666.6354
666.6355
666.6356
666.6357
666.6358
666.6360
666.6361
666.6362
666.6363
666.6364
666.6365
666.6366
666.6367
666.6368
666.6369
666.6370
666.6371
666.6372
666.6373
666.6374
666.6375
666.6376
666.6377
666.6378
666.6379
666.6380
666.6381
666.6382
666.6383
666.6384
666.6385
666.6386
666.6387
666.6388
666.6389
666.6390
666.6391
666.6392
666.6393
666.6394
666.6395
666.6396
666.6397
666.6398
666.6399
666.6400
666.6401
666.6402
666.6403
666.6404
666.6405
666.6406
666.6407
666.6408
666.6436
666.6437
666.6438
666.6439
666.6440
666.6441
666.6448
666.6449
666.6555
666.6714
666.6715
666.6774
666.6789
666.6790
666.6791
666.6792
666.6793
666.6794
666.6795
666.6796
666.6797
666.6798
666.6813
666.6814
666.6815
666.6816
666.6817
666.6818
666.6819
666.6820
666.6850
666.6851
666.6852
666.6853
666.6854
666.6855
666.6856
666.6857
666.6858
666.6859
666.6860
666.6861
666.6862
666.6863
666.6864
666.6865
666.6866
666.6867
666.6868
666.6869
666.6870
666.6871
666.6872
666.6873
666.6874
666.6875
666.6876
666.6877
666.6878
666.6879
666.6880
666.6881
666.6882
666.6883
666.6884
666.6885
666.6978
666.7001
666.7002
666.7003
666.7004
666.7005
666.7006
666.7007
666.7008
666.7009
666.7010
666.7011
666.7012
666.7013
666.7014
666.7015
666.7016
666.7017
666.7018
666.7019
666.7037
666.7038
666.7046
666.7047
666.7048
666.7049
666.7050
666.7051
666.7052
666.7053
666.7054
666.7055
666.7056
666.7073
666.7074
666.7075
666.7076
666.7077
666.7078
666.7079
666.7080
666.7081
666.7082
666.7083
666.7084
666.7085
666.7086
666.7087
666.7088
666.7089
666.7090
666.7091
666.7092
666.7093
666.7094
666.7095
666.7096
666.7097
666.7098
666.7099
666.7100
666.7101
666.7102
666.7103
666.7104
666.7105
666.7106
666.7107
666.7108
666.7109
666.7110
666.7111
666.7112
666.7113
666.7114
666.7115
666.7116
666.7117
666.7118
666.7119
666.7120
666.7121
666.7122
666.7123
666.7124
666.7125
666.7126
666.7149
666.7150
666.7151
666.7152
666.7153
666.7154
666.7155
666.7156
666.7157
666.7158
666.7159
666.7160
666.7161
666.7162
666.7163
666.7164
666.7165
666.7166
666.7167
666.7168
666.7169
666.7170
666.7171
666.7172
666.7173
666.7174
666.7175
666.7176
666.7177
666.7178
666.7179
666.7180
666.7181
666.7182
666.7183
666.7184
666.7185
666.7186
666.7187
666.7188
666.7189
666.7192
666.7194
666.7196
666.7215
666.7223
666.7224
666.7225
666.7226
666.7227
666.7245
666.7246
666.7247
666.7248
666.7249
666.7250
666.7251
666.7252
666.7253
666.7254
666.7255
666.7256
666.7257
666.7258
666.7259
666.7260
666.7480
666.7481
666.7482
666.7486
666.7487
666.7488
666.7489
666.7490
666.7491
666.7492
666.7493
666.7494
666.7495
666.7496
666.7497
666.7498
666.7499
666.7500
666.7501
666.7502
666.7503
666.7504
666.7505
666.7506
666.7507
666.7508
666.7509
666.7510
666.7511
666.7512
666.7513
666.7514
666.7515
666.7516
666.7517
666.7518
666.7519
666.7520
666.7521
666.7522
666.7523
666.7524
666.7525
666.7526
666.7527
666.7528
666.7529
666.7530
666.7531
666.7532
666.7533
666.7534
666.7535
666.7536
666.7537
666.7538
666.7539
666.7540
666.7541
666.7542
666.7543
666.7544
666.7545
666.7546
666.7547
666.7548
666.7549
666.7550
666.7551
666.7552
666.7553
666.7554
666.7555
666.7556
666.7557
666.7558
666.7559
666.7560
666.7561
666.7562
666.7563
666.7564
666.7565
666.7566
666.7567
666.7568
666.7569
666.7570
666.7571
666.7572
666.7573
666.7574
666.7575
666.7576
666.7577
666.7578
666.7579
666.7580
666.7581
666.7582
666.7583
666.7584
666.7618
666.7621
666.7622
666.7623
666.7640
666.7641
666.7642
666.7643
666.7644
666.7645
666.7646
666.7647
666.7648
666.7649
666.7650
666.7651
666.7652
666.7653
666.7654
666.7655
666.7656
666.7657
666.7658
666.7659
666.7660
666.7661
666.7662
666.7663
666.7664
666.7665
666.7666
666.7667
666.7668
666.7669
666.7670
666.7671
666.7672
666.7673
666.7674
666.7675
666.7676
666.7677
666.7678
666.7679
666.7680
674.96
675807.3
675808.3
675809.3
675810.3
675815.3
686.10
686.100
686.101
686.102
686.103
686.104
686.105
686.108
686.109
686.11
686.12
686.13
686.14
686.15
686.17
686.18
686.19
686.20
686.21
686.25
686.26
686.27
686.28
686.29
686.36
686.37
686.48
686.49
686.50
686.51
686.52
686.53
686.54
686.55
686.56
686.57
686.58
686.59
686.6
686.60
686.61
686.62
686.63
686.64
686.65
686.66
686.67
686.68
686.69
686.7
686.70
686.71
686.72
686.73
686.74
686.75
686.76
686.77
686.78
686.79
686.8
686.80
686.81
686.82
686.83
686.84
686.85
686.86
686.87
686.88
686.89
686.9
686.90
686.91
686.92
686.93
686.96
686.97
686.98
686.99
693743.7
756012.3
914149.18
925768.13
925769.13
935297.7
948564.21
948564.4
948564.6
948564.7
948564.8
991923.3
991924.3
991925.3
991926.3
991927.3
991928.3
991929.3
991930.6
991931.4
991932.3
991933.6
991934.4
991935.7
991936.4
991937.4
991938.6
991939.3
991940.3
991941.3
991942.6
991943.3
991944.3
991945.6
991946.3
991947.6
991948.6
991949.3
991950.4
991951.3
991952.4
991953.4
991954.4
991955.4
991956.4
991957.4
991958.3
991959.6
991960.3
991961.6
991962.3
991963.3
991965.6
991966.4
991967.3
991968.3
991969.3
991970.3
991971.3
991972.3
991973.3
991974.3
991975.3
991976.3
991977.3
991978.3
991980.4
991981.4
991982.4
991983.4
991984.6
991985.4
991987.3
991988.4
991989.6
991990.3
991991.3
991992.3
991993.3
991994.3
991995.3
991996.3
991997.6
991998.7
991999.3
992000.3
992001.3
992002.3
992003.3
992004.3
992005.3
992006.3
992007.3
992008.3
992009.4
992010.3
992012.3
