104609.12
1051646.9
1074311.13
1074311.16
1074311.9
1093790.3
1116375.3
1117707.10
1123496.5
1123496.7
1134456.3
114054.15
114054.16
114054.17
114054.18
114054.19
114054.20
114054.21
114054.22
114054.23
114054.24
114054.25
114054.26
114054.27
1194427.41
1208308.11
1208308.6
1211705.3
1219061.29
1219067.12
1219067.16
1219067.65
1224154.5
1224742.10
1246305.7
1260221.3
127906.117
1280002.6
1328770.12
1338032.3
1338034.3
136468.129
136468.150
1381081.15
1420885.6
1429044.6
1433144.3
1435069.3
1435069.30
1443279.11
1443279.12
1481663.45
1481663.46
1481663.47
1481663.48
1481663.66
1481914.8
1481923.3
150340.19
1516159.6
1671868.3
170651.32
170673.20
170673.22
170673.23
170673.34
170673.35
170679.24
170679.44
170679.49
170679.5
170679.50
170679.51
170679.52
170679.53
1763883.7
1763883.8
1824638.3
184755.7
184755.8
185332.6
190893.111
190893.112
190893.114
190893.12
190893.13
190893.156
190893.157
190893.24
190893.66
190893.87
190895.15
190895.66
190897.7
1918945.11
1918945.9
1918946.9
196600.6
198832.3
198832.8
2014742.3
2025808.3
2100116.4
212663.29
212667.26
2163016.3
216895.17
223926.6
243277.254
243277.26
246167.188
246167.192
2479546.3
2479546.4
2572923.3
2572923.4
2587860.3
2587862.3
2587865.3
2589990.3
265668.17
2661921.3
2661922.3
2662262.5
2711221.3
2714948.3
2751176.4
2751177.5
2751178.5
2751178.6
2766781.3
2777577.3
278860.5
2802577.7
28169.7
28169.8
28171.36
28171.37
28171.82
28171.83
28172.10
28172.11
28172.128
28172.129
28172.137
28172.138
28172.142
28172.54
28172.55
28172.56
28172.57
28172.9
28173.21
28173.22
28173.23
28173.24
2819096.6
2819097.6
2819098.6
2819099.6
2819100.6
2819101.6
2819102.6
2819103.6
2819104.6
2822843.6
2841925.3
2883075.3
2902295.3
2902295.4
29494.12
29494.15
29494.16
29494.17
29494.18
29494.19
29494.37
29494.46
29494.47
29494.50
29494.62
29494.63
29494.64
29495.28
29495.29
29495.30
29495.31
29495.34
29495.53
29497.114
29497.161
29497.162
29497.163
29497.165
29497.168
29497.170
29497.171
29497.311
29498.19
296199.15
296199.8
296199.9
2989733.3
2993714.3
300876.13
300876.133
300876.16
3021011.3
3241167.4
338187.25
338187.36
338187.8
345072.24
345072.25
345073.12
345073.21
345073.40
345076.22
379097.19
379097.24
391586.11
398736.11
412614.23
413401.6
413402.7
413403.3
435912.9
446372.16
446374.5
45658.34
45658.35
45658.6
45658.7
474394.9
47951.106
47951.137
47951.68
47951.94
47951.95
47951.96
47951.97
50719.19
50719.20
50719.21
50719.227
50719.238
50719.284
50719.285
50719.64
50719.65
50719.79
50719.82
50719.85
50719.88
512649.13
552386.11
553239.74
553239.8
55601.100
55601.101
55601.102
55601.103
55601.104
55601.105
55601.106
55601.107
55601.108
55601.109
55601.110
55601.111
55601.112
55601.113
55601.114
55601.115
55601.116
55601.117
55601.132
55601.133
55601.134
55601.135
55601.136
55601.149
55601.150
55601.151
55601.179
55601.180
55601.181
55601.182
55601.193
55601.194
55601.195
55601.196
55601.197
55601.198
55601.199
55601.200
55601.201
55601.202
55601.203
55601.204
55601.205
55601.206
55601.207
55601.208
55601.209
55601.212
55601.213
55601.345
55601.347
55601.441
55601.73
55601.77
55601.94
55601.95
55601.96
55601.97
55601.98
55601.99
575788.5
579112.3
593588.5
62153.8
62763.9
650003.38
663.100
663.1062
663.1063
663.1064
663.1065
663.1157
663.145
663.146
663.147
663.148
663.149
663.150
663.151
663.152
663.223
663.224
663.225
663.282
663.285
663.299
663.300
663.301
663.302
663.307
663.308
663.309
663.310
663.311
663.312
663.323
663.340
663.346
663.543
663.577
663.578
663.579
663.580
663.581
663.582
663.583
663.600
663.601
663.602
663.613
663.768
663.778
663.779
663.790
663.803
663.805
663.82
663.849
663.854
663.855
663.856
663.886
663.961
664643.9
666.1601
666.1981
666.1982
666.1986
666.1987
666.1988
666.1989
666.1990
666.1991
666.1992
666.1993
666.2597
666.2916
666.2917
666.2918
666.2919
666.2920
666.2921
666.2922
666.2923
666.2924
666.2925
666.3112
666.3394
666.3395
666.3404
666.3607
666.3614
666.3616
666.3617
666.3618
666.3619
666.3624
666.3625
666.3637
666.3826
666.3842
666.3847
666.3968
666.4178
666.4204
666.4624
666.4625
666.4670
666.4709
666.4710
666.4711
666.4712
666.4713
666.4714
666.4715
666.4716
666.4717
666.4718
666.4719
666.4720
666.4722
666.4986
666.4987
666.5210
666.5211
666.5212
666.5213
666.5214
666.5215
666.5216
666.5217
666.5218
666.5219
666.5220
666.5221
666.5222
666.5223
666.5228
666.5339
666.5466
666.5639
666.5640
666.5641
666.5642
666.5669
666.5670
666.5671
666.5672
666.5673
666.5674
666.5675
666.5676
666.5854
666.5855
666.6088
666.6203
666.6234
666.6235
666.6285
666.6286
666.6287
666.6288
666.6298
666.6555
666.6714
666.6774
666.6813
666.6814
666.6815
666.6816
666.6817
666.6818
666.7003
666.7004
666.7107
666.7224
666.7482
666.7504
666.7505
666.7542
666.7543
666.7565
666.7566
666.7567
666.7568
666.7569
666.7570
666.7571
666.7572
666.7573
666.7574
666.7575
666.7576
666.7577
666.7578
666.7579
666.7580
666.7581
666.7582
666.7583
666.7584
666.7618
666.7621
666.7622
666.7623
666.7640
666.7641
666.7642
666.7643
666.7644
669.165
669.180
669.181
669.182
669.314
669.335
669.336
669.339
669.341
669.403
669.404
669.405
669.406
669.407
669.408
669.409
669.410
669.411
669.412
669.413
669.414
669.415
669.416
669.417
669.418
669.422
669.444
669.52
669.523
669.549
669.551
669.552
669.622
669.623
669.76
670.1020
670.1021
670.1063
670.1100
670.1110
670.1228
670.1244
670.1272
670.1383
670.1386
670.1387
670.1395
670.1455
670.1494
670.1495
670.1496
670.1573
670.1656
670.2224
670.2246
670.2247
670.2468
670.2469
670.2502
670.2503
670.2504
670.2505
670.2506
670.2507
670.2508
670.2509
670.2510
670.2511
670.2512
670.2513
670.2514
670.2515
670.2524
670.2525
670.2526
670.2528
670.2691
670.2692
670.2693
670.3023
670.3024
670.3025
670.3038
670.3208
670.3209
670.3210
670.3211
670.3239
670.3281
670.3313
670.3345
670.3346
670.3347
670.3348
670.3349
670.3350
670.3351
670.3352
670.3353
670.3354
670.3355
670.3356
670.3357
670.3358
670.3359
670.3360
670.3361
670.3362
670.3363
670.3364
670.3365
670.3366
670.3367
670.3368
670.3369
670.3370
670.3371
670.3372
670.3373
670.3374
670.3375
670.3376
670.3377
670.3378
670.3379
670.3380
670.3381
670.3382
670.3383
670.3384
670.3385
670.3386
670.3387
670.3388
670.3389
670.3390
670.3391
670.3392
670.3393
670.3394
670.3395
670.3396
670.3397
670.3398
670.3399
670.3400
670.3401
670.3465
670.3833
670.3834
670.3835
670.3836
670.3837
670.3838
670.3839
670.3941
670.3942
670.3943
670.3944
670.3945
670.437
670.471
670.472
670.500
670.585
670.6329
670.6330
670.6331
670.6332
670.6333
670.6406
670.6425
670.6485
670.6487
670.6488
670.6707
670.6708
670.6709
670.6835
670.6836
670.6837
670.6838
670.6900
670.6901
670.6939
670.7040
670.7041
670.7042
670.7043
670.7044
670.7045
670.7046
670.7047
670.7048
670.7049
670.7050
670.7051
670.7052
670.7233
670.7306
670.7307
670.7308
670.7309
670.7310
670.7417
670.7418
670.7419
670.7420
670.7421
670.7422
670.7423
670.7424
670.7425
670.7541
670.7932
670.7954
670.7955
670.8050
670.8051
670.8052
670.8152
670.8153
670.822
670.8788
670.8789
670.8858
670.8859
670.8860
670.8861
670.8862
670.8863
670.8864
670.8865
670.8866
670.8867
670.8868
670.8869
670.8870
670.8871
670.8872
670.8873
670.961
672.1031
672.1173
672.1174
672.132
672.143
672.153
672.170
672.171
672.1957
672.2012
672.2013
672.2148
672.2166
672.2213
672.2318
672.2319
672.2377
672.2379
672.2380
672.2382
672.2383
672.337
672.345
672.346
672.634
672.848
672.849
672.851
672.862
672.863
672.865
672.866
672.867
674.46
674.49
674.66
674.67
674.68
674.69
674.96
675.10
675.7
675.8
675.9
676.282
676.283
676.284
676.30
676.305
676.375
676.385
676.397
676.398
676.400
676.418
676.420
676.421
676.60
676.83
676.84
676.85
676.86
676.87
676.88
676.89
676.90
676.92
676.93
676.94
676.95
676.96
680.105
680.285
680.340
680.341
680.342
680.343
680.344
680.381
680.382
680.387
680.468
680.469
680.470
680.471
680.472
680.473
680.55
680.56
680.60
680.61
680.82
680.83
680.86
685.35
686.108
686.11
686.14
686.36
686.90
686.91
686.92
686.93
687.14
687.26
687.27
687.33
689.13
689.18
691.124
691.125
691.126
691.134
691.140
691.141
691.142
691.152
691.27
691.32
691.33
693153.25
693153.44
696485.111
696485.116
696485.30
696485.35
696485.36
696485.79
882102.3
882944.3
903510.3
914127.3
92172.5
935297.7
948564.21
948564.6
948564.7
948564.8
990268.22
