1173955.3
1211705.3
1219066.3
1234128.4
1238192.3
1238193.3
1238194.3
1238195.3
1238196.3
1238197.3
1238198.3
1238199.3
1238200.3
1238201.3
1238202.3
1238203.3
1238204.3
1238205.3
1238206.3
1238207.3
1238208.3
1238209.3
1238210.3
1238211.3
1238212.3
1238213.3
1238214.3
1238215.3
1238216.3
1238217.3
1238218.3
1238220.3
1238221.3
1238222.3
1238223.3
1238224.3
1238231.17
1238231.18
1238231.20
1238231.21
1238231.22
1238231.23
1238231.24
1238231.25
1238231.26
1238231.27
1238231.28
1238231.29
1238231.32
1238231.33
1238231.34
1238231.35
1238231.36
1238231.37
1238231.38
1238231.39
1238231.4
1238231.40
1238231.41
1238231.42
1238231.43
1238231.44
1238231.45
1238231.46
1238231.47
1238231.48
1238231.49
1238231.50
1238231.51
1238231.52
1238231.53
1238231.54
1238231.55
1238231.56
1238231.57
1238231.59
1238231.60
1238231.61
1238231.62
1238231.63
1276919.3
1287654.21
1288780.3
1288781.3
1288783.3
1288784.3
1288785.3
1288786.3
1288791.3
1288793.3
1288796.3
1288797.3
1338032.3
1338034.3
1394607.3
1408165.3
1408166.3
1408168.3
1408169.3
1408172.3
1408173.3
1408174.3
1429044.6
1441607.4
1441608.4
1441609.4
1441610.4
1441611.4
1441612.4
1620393.3
1620394.3
223926.6
391586.4
419109.27
50719.83
563771.3
563772.3
563773.3
627611.3
663.344
669.44
670.101
670.102
670.1020
670.1021
670.1022
670.1023
670.1024
670.1025
670.1026
670.1027
670.1028
670.1029
670.103
670.1030
670.1031
670.1032
670.1033
670.1034
670.1035
670.1036
670.1037
670.1038
670.1039
670.104
670.1040
670.1041
670.1043
670.1044
670.1045
670.1046
670.1047
670.1048
670.105
670.106
670.1063
670.1064
670.1065
670.1066
670.1067
670.1068
670.1069
670.107
670.1070
670.1071
670.1072
670.1073
670.1074
670.1075
670.1076
670.1077
670.1078
670.1079
670.108
670.1080
670.1081
670.1082
670.109
670.110
670.1100
670.1101
670.1102
670.1103
670.1104
670.1105
670.1106
670.1107
670.1108
670.1109
670.111
670.1110
670.1111
670.1112
670.1113
670.1114
670.1115
670.1116
670.1117
670.1118
670.112
670.1120
670.1121
670.1123
670.1124
670.1125
670.1126
670.1127
670.1128
670.113
670.1139
670.114
670.1140
670.1141
670.1142
670.1143
670.1144
670.1145
670.1146
670.1147
670.1148
670.1149
670.115
670.1150
670.1151
670.1152
670.1153
670.1154
670.1155
670.1156
670.1157
670.1158
670.1159
670.116
670.1160
670.1161
670.1162
670.1163
670.1164
670.1165
670.1166
670.1167
670.1168
670.1169
670.117
670.1170
670.1171
670.1172
670.1173
670.1174
670.1175
670.1176
670.1177
670.1178
670.1179
670.118
670.1180
670.1181
670.1182
670.1183
670.119
670.120
670.1203
670.1204
670.1205
670.1206
670.1207
670.1208
670.1209
670.121
670.1210
670.1211
670.1212
670.1213
670.1214
670.1215
670.1216
670.1217
670.1218
670.1219
670.122
670.1220
670.1222
670.1223
670.1224
670.1225
670.1226
670.1227
670.1228
670.1229
670.123
670.1230
670.1231
670.1232
670.124
670.1244
670.125
670.126
670.127
670.1272
670.1273
670.128
670.129
670.130
670.131
670.132
670.133
670.134
670.135
670.1352
670.1353
670.1354
670.1355
670.1356
670.1357
670.1358
670.1359
670.136
670.1360
670.1361
670.1362
670.1363
670.1364
670.1365
670.1366
670.1367
670.1368
670.1369
670.137
670.1370
670.1371
670.1372
670.1373
670.1374
670.1375
670.1376
670.1377
670.1378
670.1379
670.138
670.1380
670.1381
670.1382
670.1383
670.1386
670.1387
670.1388
670.1389
670.139
670.1390
670.1391
670.1392
670.1393
670.1394
670.1395
670.140
670.141
670.142
670.1421
670.1422
670.1423
670.143
670.144
670.145
670.1454
670.1455
670.1456
670.1457
670.1458
670.146
670.1461
670.1462
670.147
670.148
670.149
670.1494
670.1495
670.1496
670.1497
670.150
670.151
670.152
670.153
670.154
670.155
670.156
670.157
670.1573
670.1574
670.158
670.159
670.160
670.161
670.162
670.163
670.164
670.1643
670.1644
670.1645
670.1646
670.1647
670.1648
670.1649
670.165
670.1650
670.1651
670.1652
670.1653
670.1654
670.1655
670.1656
670.1657
670.1658
670.1659
670.166
670.1660
670.1661
670.1662
670.1663
670.1664
670.1665
670.1666
670.1667
670.1668
670.1669
670.167
670.1670
670.1671
670.1672
670.1673
670.1674
670.1675
670.1676
670.1677
670.1678
670.1679
670.168
670.1680
670.169
670.170
670.171
670.172
670.173
670.174
670.175
670.176
670.177
670.178
670.179
670.1795
670.1796
670.1797
670.1798
670.1799
670.180
670.1800
670.1801
670.1802
670.1803
670.1804
670.1805
670.1806
670.1807
670.1808
670.1809
670.181
670.1810
670.1811
670.1812
670.1813
670.1814
670.1815
670.1816
670.1817
670.1818
670.1819
670.182
670.1820
670.1821
670.1822
670.1823
670.1824
670.1825
670.1826
670.1827
670.1828
670.1829
670.183
670.1830
670.1831
670.1832
670.1833
670.1834
670.1835
670.1836
670.1837
670.1838
670.1839
670.184
670.1840
670.1841
670.1842
670.1843
670.1844
670.1845
670.1846
670.1847
670.1848
670.1849
670.185
670.1850
670.1851
670.1852
670.1853
670.1854
670.1855
670.1856
670.1857
670.1858
670.1859
670.186
670.1860
670.1861
670.1862
670.1863
670.1864
670.1865
670.1866
670.1867
670.1868
670.1869
670.187
670.1870
670.1871
670.1872
670.1873
670.1874
670.1875
670.1876
670.1877
670.1878
670.1879
670.188
670.1880
670.1882
670.1883
670.1884
670.1885
670.1886
670.1887
670.1888
670.1889
670.189
670.1890
670.1891
670.1892
670.1893
670.1894
670.1895
670.1896
670.1897
670.1898
670.1899
670.190
670.1900
670.1901
670.1902
670.1903
670.1904
670.1905
670.1906
670.1907
670.1908
670.1909
670.191
670.1910
670.1911
670.1913
670.1914
670.1915
670.1916
670.1917
670.1918
670.1919
670.192
670.1920
670.1921
670.1922
670.1923
670.1924
670.1925
670.1926
670.1927
670.1928
670.1929
670.193
670.1930
670.1932
670.1933
670.1934
670.1936
670.1937
670.1938
670.1939
670.194
670.1940
670.1941
670.1942
670.1943
670.1944
670.1945
670.1946
670.1947
670.1948
670.1949
670.195
670.1950
670.1951
670.1952
670.1953
670.1954
670.1955
670.1957
670.1958
670.1959
670.196
670.1960
670.1961
670.1962
670.1963
670.1964
670.1965
670.1966
670.1967
670.1968
670.1969
670.197
670.1970
670.1971
670.1972
670.1973
670.1974
670.1975
670.1976
670.1977
670.1979
670.198
670.1980
670.1981
670.1982
670.1983
670.1984
670.1985
670.1986
670.1987
670.1988
670.1989
670.199
670.1990
670.1991
670.1992
670.1993
670.1994
670.1995
670.1996
670.1997
670.1998
670.1999
670.2000
670.2001
670.2002
670.2003
670.2004
670.2005
670.2006
670.2007
670.2008
670.2009
670.2010
670.2011
670.2012
670.2013
670.2014
670.2015
670.2016
670.2017
670.2018
670.2019
670.2020
670.2022
670.2023
670.2024
670.2025
670.2026
670.2027
670.2028
670.2029
670.2030
670.2031
670.2032
670.2033
670.2034
670.2035
670.2036
670.2037
670.2038
670.2039
670.2040
670.2041
670.2042
670.2043
670.2044
670.2045
670.2046
670.2047
670.2048
670.2049
670.2050
670.2051
670.2052
670.2053
670.2054
670.2055
670.2056
670.2057
670.2058
670.2059
670.2060
670.2061
670.2063
670.2066
670.2067
670.2068
670.2070
670.2071
670.2072
670.2073
670.2074
670.2075
670.2076
670.2077
670.2078
670.2079
670.2080
670.2081
670.2082
670.2083
670.2084
670.2085
670.2086
670.2087
670.2088
670.2089
670.2090
670.2091
670.2093
670.2095
670.2096
670.2097
670.2099
670.2104
670.2105
670.2106
670.2108
670.2109
670.2112
670.2114
670.2116
670.2117
670.2119
670.2120
670.2121
670.2123
670.2124
670.2125
670.2127
670.2129
670.2130
670.2131
670.2132
670.2133
670.2134
670.2135
670.2136
670.2137
670.2138
670.2139
670.2140
670.2141
670.2142
670.2143
670.2144
670.2145
670.2146
670.2148
670.2149
670.2150
670.2151
670.2152
670.2153
670.2154
670.2155
670.2156
670.2157
670.2158
670.2159
670.2160
670.2161
670.2162
670.2163
670.2164
670.2165
670.2166
670.2167
670.2168
670.2169
670.2170
670.2171
670.2172
670.2173
670.2175
670.2176
670.2177
670.2178
670.2179
670.2180
670.2181
670.2182
670.2183
670.2184
670.2185
670.2187
670.2188
670.2189
670.2190
670.2191
670.2192
670.2193
670.2194
670.2195
670.2196
670.2197
670.2198
670.2199
670.2200
670.2201
670.2202
670.2203
670.2204
670.2205
670.2206
670.2207
670.2208
670.2209
670.2210
670.2211
670.2212
670.2213
670.2214
670.2215
670.2216
670.2217
670.2218
670.2219
670.2220
670.2221
670.2222
670.2223
670.2224
670.2225
670.2226
670.2227
670.2228
670.2229
670.2230
670.2231
670.2232
670.2233
670.2234
670.2235
670.2236
670.2237
670.2238
670.2239
670.2240
670.2246
670.2247
670.2248
670.2323
670.2370
670.2371
670.2372
670.2373
670.2374
670.2375
670.2376
670.2377
670.2378
670.2379
670.2380
670.2381
670.2382
670.2383
670.2384
670.2385
670.2386
670.2387
670.2388
670.2389
670.2390
670.2391
670.2392
670.2393
670.2394
670.2395
670.2396
670.2397
670.2398
670.2399
670.2400
670.2401
670.2402
670.2403
670.2404
670.2405
670.2406
670.2407
670.2408
670.2409
670.2410
670.2411
670.2412
670.2413
670.2414
670.2415
670.2416
670.2417
670.2418
670.2419
670.2420
670.2421
670.2422
670.2423
670.2424
670.2425
670.2426
670.2427
670.2428
670.2429
670.2430
670.2431
670.2432
670.2433
670.2434
670.2435
670.2436
670.2437
670.2438
670.2439
670.2440
670.2441
670.2442
670.2444
670.2445
670.2446
670.2447
670.2448
670.2449
670.2468
670.2469
670.2470
670.2471
670.2502
670.2503
670.2504
670.2505
670.2506
670.2507
670.2508
670.2509
670.2510
670.2511
670.2512
670.2513
670.2514
670.2515
670.2517
670.2518
670.2519
670.2520
670.2521
670.2522
670.2523
670.2524
670.2525
670.2526
670.2528
670.2611
670.2612
670.2613
670.2631
670.2632
670.2637
670.2638
670.2639
670.2640
670.2641
670.2642
670.2643
670.2644
670.2645
670.2646
670.2647
670.2648
670.2649
670.2650
670.2691
670.2692
670.2693
670.2694
670.288
670.289
670.290
670.291
670.2921
670.2928
670.2945
670.2955
670.2987
670.3021
670.3022
670.3023
670.3024
670.3025
670.3026
670.3028
670.3029
670.3030
670.3032
670.3033
670.3034
670.3035
670.3036
670.3037
670.3038
670.3039
670.3040
670.3041
670.3058
670.3186
670.3187
670.3188
670.3189
670.3190
670.3191
670.3192
670.3194
670.3195
670.3196
670.3197
670.3199
670.3207
670.3208
670.3209
670.3210
670.3211
670.323
670.3239
670.3250
670.3251
670.3253
670.3254
670.3256
670.3257
670.3258
670.3260
670.3261
670.3262
670.3263
670.3264
670.3265
670.3266
670.3267
670.3268
670.3281
670.3313
670.3345
670.3346
670.3347
670.3348
670.3349
670.3350
670.3351
670.3352
670.3353
670.3354
670.3355
670.3356
670.3357
670.3358
670.3359
670.3360
670.3361
670.3362
670.3363
670.3364
670.3365
670.3366
670.3367
670.3368
670.3369
670.3370
670.3371
670.3372
670.3373
670.3374
670.3375
670.3376
670.3377
670.3378
670.3379
670.3380
670.3381
670.3382
670.3383
670.3384
670.3385
670.3386
670.3387
670.3388
670.3389
670.3390
670.3391
670.3392
670.3393
670.3394
670.3395
670.3396
670.3397
670.3398
670.3399
670.340
670.3400
670.3401
670.3406
670.3407
670.3408
670.3409
670.3410
670.3411
670.3412
670.3413
670.3414
670.3415
670.3416
670.3417
670.3418
670.3419
670.3420
670.3421
670.3422
670.3423
670.3424
670.3425
670.3426
670.3427
670.3428
670.3429
670.3456
670.3457
670.3458
670.3459
670.3460
670.3461
670.3462
670.3463
670.3464
670.3465
670.3523
670.3524
670.3525
670.3526
670.3527
670.3528
670.3529
670.3531
670.3532
670.3533
670.3534
670.3535
670.3536
670.3537
670.3538
670.3539
670.354
670.3540
670.355
670.3571
670.3572
670.374
670.375
670.376
670.377
670.378
670.379
670.380
670.382
670.383
670.3833
670.3834
670.3835
670.3836
670.3837
670.3838
670.3839
670.384
670.3840
670.3841
670.3842
670.3843
670.3844
670.3845
670.3846
670.3847
670.3848
670.3849
670.385
670.3850
670.3851
670.3852
670.3853
670.3854
670.3855
670.3856
670.3858
670.3859
670.386
670.3860
670.3863
670.3864
670.3865
670.3866
670.387
670.388
670.3884
670.3885
670.3886
670.3887
670.3888
670.3889
670.389
670.3890
670.390
670.3904
670.3905
670.3906
670.3907
670.3908
670.3909
670.391
670.3910
670.3911
670.3912
670.392
670.393
670.394
670.3941
670.3942
670.3943
670.3944
670.3945
670.3946
670.3947
670.3948
670.3949
670.395
670.3950
670.3951
670.3952
670.3953
670.3954
670.3955
670.3956
670.3957
670.3958
670.3959
670.396
670.3960
670.3961
670.3962
670.3963
670.397
670.398
670.3987
670.399
670.400
670.401
670.402
670.403
670.404
670.405
670.406
670.407
670.409
670.410
670.411
670.412
670.413
670.414
670.415
670.416
670.418
670.419
670.420
670.421
670.422
670.423
670.425
670.426
670.427
670.428
670.4281
670.4282
670.4283
670.4284
670.4285
670.4286
670.4287
670.4288
670.4289
670.4290
670.4291
670.4292
670.4293
670.4295
670.4296
670.4297
670.4298
670.4299
670.430
670.4300
670.4301
670.4302
670.4304
670.4306
670.4307
670.4308
670.4309
670.431
670.4310
670.4311
670.4312
670.4314
670.4315
670.4316
670.4317
670.4318
670.4319
670.432
670.4320
670.4321
670.4322
670.4323
670.4324
670.4325
670.4326
670.4327
670.4328
670.4329
670.433
670.4330
670.4331
670.4332
670.4333
670.4334
670.4335
670.4336
670.4337
670.4338
670.4339
670.434
670.4340
670.4341
670.4342
670.4343
670.4344
670.4345
670.4346
670.4347
670.4348
670.4349
670.435
670.4350
670.4351
670.4352
670.4353
670.4354
670.4355
670.4356
670.4357
670.4358
670.4359
670.436
670.4360
670.4361
670.4362
670.4363
670.4364
670.4365
670.4366
670.4367
670.4368
670.4369
670.437
670.4370
670.4371
670.4372
670.4373
670.4374
670.4375
670.4376
670.4377
670.4378
670.4379
670.438
670.4380
670.4381
670.4382
670.4383
670.4384
670.4385
670.439
670.44
670.440
670.441
670.442
670.443
670.444
670.445
670.446
670.447
670.448
670.449
670.45
670.450
670.451
670.452
670.453
670.454
670.455
670.456
670.457
670.458
670.459
670.46
670.460
670.461
670.462
670.463
670.464
670.466
670.467
670.468
670.469
670.47
670.470
670.471
670.472
670.473
670.48
670.481
670.482
670.49
670.498
670.499
670.50
670.500
670.501
670.502
670.503
670.504
670.505
670.506
670.508
670.509
670.51
670.510
670.511
670.512
670.513
670.514
670.515
670.516
670.517
670.518
670.519
670.52
670.520
670.521
670.522
670.523
670.524
670.525
670.526
670.527
670.528
670.529
670.53
670.530
670.531
670.532
670.533
670.534
670.535
670.536
670.537
670.538
670.539
670.54
670.540
670.541
670.542
670.543
670.544
670.545
670.546
670.547
670.548
670.549
670.55
670.550
670.551
670.552
670.553
670.554
670.555
670.556
670.557
670.558
670.559
670.56
670.560
670.561
670.562
670.563
670.565
670.566
670.567
670.568
670.569
670.57
670.570
670.571
670.572
670.573
670.574
670.575
670.576
670.577
670.578
670.579
670.58
670.580
670.581
670.582
670.583
670.584
670.585
670.59
670.60
670.61
670.62
670.63
670.6329
670.6330
670.6331
670.6332
670.6333
670.6347
670.6348
670.6349
670.6350
670.6351
670.6352
670.6353
670.6354
670.6355
670.6356
670.6357
670.6358
670.6359
670.6360
670.6361
670.6362
670.6363
670.6364
670.6365
670.6366
670.6367
670.6368
670.6369
670.6370
670.6371
670.6372
670.6373
670.6374
670.6375
670.6376
670.6377
670.6378
670.6379
670.6380
670.6381
670.6382
670.6383
670.6384
670.6385
670.6386
670.6387
670.6388
670.6389
670.6390
670.6391
670.6392
670.6393
670.6394
670.6395
670.6396
670.6397
670.6398
670.6399
670.64
670.6400
670.6401
670.6402
670.6403
670.6404
670.6405
670.6406
670.6407
670.6408
670.6409
670.6410
670.6411
670.6412
670.6413
670.6414
670.6415
670.6416
670.6417
670.6418
670.6419
670.6420
670.6421
670.6422
670.6423
670.6424
670.6425
670.6426
670.6427
670.6428
670.6429
670.6430
670.6431
670.6432
670.6433
670.6434
670.6435
670.6436
670.6437
670.6438
670.6439
670.6440
670.6441
670.6442
670.6443
670.6444
670.6445
670.6446
670.6447
670.6448
670.6449
670.6450
670.6451
670.6452
670.6453
670.6454
670.6455
670.6456
670.6457
670.6458
670.6459
670.6480
670.6481
670.6482
670.6483
670.6484
670.6485
670.6486
670.6487
670.6488
670.6490
670.6491
670.6492
670.6493
670.6494
670.6495
670.6496
670.6497
670.6498
670.6499
670.65
670.6500
670.6501
670.6502
670.6503
670.6504
670.6505
670.6506
670.6507
670.6508
670.6509
670.6510
670.6511
670.6513
670.6514
670.6515
670.6575
670.6587
670.6588
670.6589
670.6590
670.6591
670.6592
670.6593
670.6594
670.6595
670.6596
670.6597
670.6598
670.6599
670.66
670.6600
670.6601
670.6602
670.6603
670.6604
670.6605
670.6606
670.6607
670.6608
670.6609
670.6610
670.6611
670.6612
670.6613
670.6614
670.6615
670.6616
670.6617
670.6618
670.6619
670.6620
670.6621
670.6622
670.6623
670.6624
670.6625
670.6626
670.6627
670.6628
670.6629
670.6630
670.6631
670.6632
670.6633
670.6634
670.6635
670.6636
670.6637
670.6638
670.6639
670.6640
670.6641
670.6642
670.6643
670.6644
670.6645
670.6646
670.6647
670.6671
670.6672
670.6673
670.6674
670.6675
670.6676
670.6677
670.6678
670.6679
670.6680
670.6681
670.6682
670.6683
670.6684
670.6685
670.6686
670.6687
670.6688
670.67
670.6707
670.6708
670.6709
670.6710
670.6711
670.6712
670.6713
670.6714
670.6715
670.6716
670.6717
670.6718
670.6719
670.6720
670.6721
670.6722
670.6723
670.6724
670.6725
670.6726
670.6727
670.6728
670.6729
670.6730
670.6731
670.6732
670.6733
670.6734
670.6735
670.6736
670.6737
670.6738
670.6739
670.6740
670.6741
670.6742
670.6743
670.6744
670.6745
670.6746
670.6747
670.6748
670.6749
670.6750
670.6751
670.6752
670.6754
670.6755
670.6756
670.6757
670.6758
670.6759
670.6760
670.6761
670.6762
670.6763
670.6764
670.6765
670.6766
670.6767
670.6768
670.6769
670.6770
670.6771
670.6772
670.68
670.6821
670.6822
670.6823
670.6824
670.6825
670.6826
670.6827
670.6828
670.6829
670.6830
670.6831
670.6832
670.6833
670.6834
670.6835
670.6836
670.6837
670.6838
670.6880
670.6881
670.6882
670.6883
670.6884
670.6885
670.6886
670.6887
670.6888
670.6889
670.6890
670.6891
670.6892
670.6893
670.6894
670.6895
670.6896
670.6897
670.6898
670.6899
670.69
670.6900
670.6901
670.6902
670.6903
670.6904
670.6905
670.6906
670.6907
670.6908
670.6909
670.6910
670.6911
670.6912
670.6935
670.6936
670.6937
670.6938
670.6939
670.6940
670.6941
670.6942
670.6943
670.6944
670.6945
670.6991
670.70
670.7040
670.7041
670.7042
670.7043
670.7044
670.7045
670.7046
670.7047
670.7048
670.7049
670.7050
670.7051
670.7052
670.7053
670.7054
670.7055
670.7056
670.7057
670.7058
670.7059
670.7060
670.7061
670.71
670.72
670.7233
670.7234
670.7235
670.7236
670.7237
670.73
670.7306
670.7307
670.7308
670.7309
670.7310
670.7311
670.7340
670.7341
670.7342
670.7343
670.7344
670.7345
670.7346
670.7347
670.7348
670.7349
670.7350
670.7351
670.7352
670.7353
670.7354
670.7355
670.7356
670.7357
670.7358
670.7359
670.7360
670.7361
670.7362
670.7363
670.7364
670.7365
670.7366
670.7367
670.7368
670.74
670.7403
670.7404
670.7405
670.7406
670.7407
670.7408
670.7409
670.7410
670.7411
670.7412
670.7413
670.7414
670.7415
670.7416
670.7417
670.7418
670.7419
670.7420
670.7421
670.7422
670.7423
670.7424
670.7425
670.7426
670.7427
670.7428
670.7429
670.7430
670.7431
670.7432
670.7433
670.7434
670.7435
670.7436
670.7437
670.7438
670.7439
670.7440
670.7441
670.7442
670.7443
670.7444
670.7445
670.7446
670.7447
670.7448
670.7449
670.7450
670.7465
670.7466
670.7488
670.7489
670.7490
670.7491
670.7492
670.7493
670.7494
670.7495
670.7496
670.7497
670.7498
670.7499
670.75
670.7500
670.7501
670.7502
670.7503
670.7504
670.7505
670.7506
670.7507
670.7508
670.7509
670.7510
670.7511
670.7512
670.7513
670.7514
670.7515
670.7516
670.7517
670.7518
670.7519
670.7520
670.7521
670.7522
670.7523
670.7524
670.7525
670.7526
670.7527
670.7528
670.7529
670.7530
670.7531
670.7532
670.7533
670.7534
670.7535
670.7536
670.7537
670.7541
670.76
670.7626
670.7627
670.7628
670.7629
670.7630
670.7631
670.7632
670.7633
670.7634
670.7635
670.7636
670.7637
670.7638
670.7639
670.7640
670.7641
670.7642
670.7643
670.7644
670.7645
670.7646
670.7647
670.7649
670.7651
670.7652
670.7653
670.7654
670.7655
670.7656
670.7657
670.7658
670.7659
670.7660
670.7661
670.7662
670.7663
670.7664
670.7665
670.7666
670.7667
670.7668
670.7669
670.7670
670.7671
670.7672
670.7673
670.7674
670.7675
670.7676
670.7677
670.7678
670.7679
670.7680
670.7681
670.7682
670.7683
670.7684
670.7685
670.7686
670.7687
670.7688
670.7689
670.7690
670.7691
670.7692
670.7693
670.7694
670.7695
670.77
670.78
670.7877
670.7878
670.7879
670.7880
670.7881
670.7882
670.7883
670.7884
670.7885
670.7886
670.7887
670.7888
670.7889
670.7890
670.7891
670.7892
670.7893
670.7894
670.7895
670.7896
670.7897
670.7898
670.7899
670.79
670.7900
670.7901
670.7902
670.7903
670.7904
670.7905
670.7906
670.7907
670.7908
670.7909
670.7910
670.7911
670.7912
670.7913
670.7914
670.7915
670.7916
670.7917
670.7918
670.7919
670.7920
670.7921
670.7922
670.7923
670.7924
670.7925
670.7926
670.7927
670.7928
670.7929
670.7932
670.794
670.7954
670.7955
670.7956
670.7957
670.7958
670.7959
670.7960
670.7961
670.7962
670.7963
670.7964
670.7965
670.7966
670.7967
670.7968
670.7969
670.797
670.7970
670.7971
670.7972
670.7973
670.7974
670.7975
670.7976
670.7977
670.7978
670.7979
670.7980
670.7981
670.7982
670.7983
670.7984
670.7985
670.7986
670.7987
670.7988
670.7989
670.7990
670.7991
670.7992
670.7993
670.7994
670.7995
670.7996
670.7997
670.7998
670.7999
670.80
670.8000
670.8001
670.8002
670.8003
670.8004
670.8005
670.8006
670.8007
670.8008
670.8009
670.801
670.8010
670.8011
670.8012
670.8013
670.8014
670.8015
670.8016
670.8017
670.8018
670.8019
670.8020
670.8021
670.8022
670.8023
670.8024
670.8025
670.8026
670.8027
670.8028
670.8029
670.8030
670.8031
670.8032
670.8033
670.8034
670.8035
670.8038
670.8039
670.8041
670.8042
670.8044
670.8045
670.8046
670.8050
670.8051
670.8052
670.806
670.807
670.8071
670.8072
670.8077
670.8078
670.8080
670.8082
670.8084
670.8087
670.8088
670.8089
670.8090
670.8091
670.8092
670.8093
670.8094
670.8095
670.8096
670.8097
670.8098
670.8099
670.81
670.810
670.8100
670.8101
670.8102
670.8103
670.8104
670.8105
670.8106
670.8107
670.8108
670.8109
670.8110
670.8111
670.8112
670.8113
670.8114
670.8115
670.8116
670.8117
670.8118
670.8119
670.812
670.8120
670.8121
670.8122
670.8123
670.8124
670.8125
670.8126
670.8127
670.8128
670.8129
670.813
670.8130
670.8131
670.8132
670.8133
670.8134
670.8135
670.8136
670.8137
670.8138
670.814
670.8140
670.8141
670.8142
670.8143
670.8144
670.8145
670.8146
670.8147
670.8148
670.8149
670.815
670.8150
670.8151
670.8152
670.8153
670.816
670.817
670.818
670.819
670.82
670.820
670.821
670.822
670.824
670.825
670.826
670.827
670.828
670.829
670.83
670.830
670.831
670.832
670.833
670.834
670.835
670.836
670.837
670.838
670.839
670.84
670.840
670.841
670.842
670.843
670.844
670.845
670.846
670.847
670.848
670.849
670.85
670.850
670.851
670.852
670.853
670.854
670.855
670.856
670.857
670.858
670.859
670.86
670.862
670.863
670.864
670.865
670.866
670.868
670.869
670.87
670.870
670.8704
670.8705
670.8706
670.8707
670.8708
670.8709
670.871
670.8710
670.8711
670.8712
670.8713
670.8714
670.8715
670.8716
670.8717
670.8718
670.8719
670.8720
670.8721
670.8722
670.8723
670.8724
670.8725
670.8726
670.8727
670.8728
670.8729
670.873
670.8730
670.8731
670.8732
670.8733
670.8734
670.8735
670.8736
670.8737
670.8738
670.8739
670.8740
670.8741
670.8742
670.8743
670.8744
670.8745
670.8746
670.8747
670.8748
670.8749
670.875
670.8750
670.8751
670.8752
670.8753
670.8754
670.8756
670.8757
670.8758
670.8759
670.876
670.8760
670.8761
670.8762
670.8763
670.8764
670.8765
670.877
670.878
670.8788
670.8789
670.879
670.8790
670.8791
670.8792
670.8793
670.8794
670.8795
670.8796
670.8797
670.8798
670.88
670.880
670.8800
670.8801
670.8802
670.8803
670.8804
670.8805
670.8806
670.8807
670.8808
670.8809
670.881
670.8810
670.8811
670.8813
670.8814
670.8815
670.8816
670.8817
670.8818
670.8819
670.882
670.8820
670.8821
670.8822
670.8823
670.8824
670.8825
670.8826
670.8827
670.8828
670.8829
670.883
670.8830
670.8831
670.8832
670.8834
670.8835
670.8836
670.8837
670.8838
670.8839
670.884
670.8840
670.8841
670.8843
670.8844
670.8845
670.8846
670.8847
670.8848
670.8849
670.885
670.8850
670.8851
670.8852
670.8853
670.8854
670.8856
670.8857
670.8858
670.8859
670.886
670.8860
670.8861
670.8862
670.8863
670.8864
670.8865
670.8866
670.8867
670.8868
670.8869
670.8870
670.8871
670.8872
670.8873
670.888
670.889
670.89
670.890
670.891
670.892
670.893
670.894
670.895
670.896
670.897
670.898
670.899
670.90
670.900
670.901
670.902
670.903
670.904
670.905
670.906
670.907
670.908
670.909
670.91
670.910
670.911
670.912
670.913
670.914
670.915
670.916
670.917
670.918
670.919
670.92
670.920
670.921
670.922
670.923
670.924
670.925
670.926
670.927
670.928
670.929
670.93
670.930
670.931
670.932
670.933
670.934
670.935
670.936
670.937
670.938
670.939
670.94
670.940
670.941
670.942
670.943
670.944
670.945
670.946
670.947
670.948
670.949
670.95
670.950
670.951
670.952
670.953
670.954
670.955
670.956
670.957
670.958
670.959
670.96
670.960
670.961
670.963
670.965
670.97
670.98
670.99
676.174
680.60
745023.16
